0 0.160714
1 0.250000
2 0.500000
3 0.404682
4 0.463131
5 0.510714
6 0.528620
7 0.250000
8 0.300000
9 0.300000
10 0.000000
11 0.000000
12 0.000000
13 0.196429
14 0.250000
15 0.200000
16 0.500000
17 0.375000
18 0.557143
19 0.250000
20 0.457143
21 0.166667
22 0.433333
23 0.720000
24 0.531746
25 0.555556
26 0.562500
27 0.294444
28 0.428375
29 0.522894
30 0.587437
31 0.561508
32 0.600000
33 0.400000
34 0.457143
35 0.488095
36 0.500000
37 0.833333
38 0.916667
39 0.500000
40 0.522727
41 0.580808
42 0.217593
43 0.238839
44 0.216667
45 0.250000
46 1.000000
47 0.750000
48 0.371795
49 0.523810
50 0.282051
51 0.250000
52 0.523810
53 0.833333
54 0.666667
55 0.625000
56 0.500000
57 0.800000
58 0.750000
59 0.200000
60 1.000000
61 1.000000
62 0.942857
63 0.410935
64 0.523810
65 0.777778
66 0.333333
67 0.333333
68 0.500000
69 0.604167
70 0.714286
71 0.333333
72 1.000000
73 0.718519
74 1.000000
75 0.305556
76 0.553125
77 0.976190
78 0.555556
79 0.166667
80 0.654762
81 0.680000
82 1.000000
83 0.500000
84 1.000000
85 0.966667
86 0.750000
87 0.800000
88 1.000000
89 0.500000
90 1.000000
91 1.000000
92 0.566667
93 0.666667
94 1.000000
95 0.500000
96 0.500000
97 1.000000
98 1.000000
99 1.000000
100 1.000000
101 1.000000
102 1.000000
103 0.000000
104 0.414141
105 0.277778
106 0.687500
107 0.788889
108 0.571154
109 0.545455
110 0.439394
111 0.469444
112 0.416667
113 0.416667
114 0.523810
115 0.433333
116 0.571429
117 0.125000
118 0.416667
119 1.000000
120 1.000000
121 1.000000
122 0.859375
123 0.833333
124 0.800000
125 0.600000
126 0.422222
127 0.363636
128 0.250000
129 0.500000
130 0.475000
131 0.285714
132 0.750000
133 0.514286
134 0.000000
135 0.000000
136 0.430556
137 0.327273
138 0.589286
139 0.454545
140 0.439560
141 0.542857
142 0.805556
143 0.763889
144 0.634921
145 0.666667
146 0.666667
147 0.500000
148 0.500000
149 0.500000
150 0.500000
151 0.439394
152 0.483333
153 0.313492
154 0.285714
155 0.316667
156 0.500000
157 0.666667
158 1.000000
159 0.950000
160 0.555556
161 0.632143
162 0.250000
163 0.000000
164 0.111111
165 0.333333
166 0.687500
167 0.429487
168 0.653125
169 0.285714
170 0.532468
171 0.763889
172 0.716667
173 0.800000
174 1.000000
175 0.833333
176 0.800000
177 1.000000
178 1.000000
179 1.000000
180 0.500000
181 0.500000
182 1.000000
183 0.666667
184 1.000000
185 1.000000
186 1.000000
187 1.000000
188 1.000000
189 1.000000
190 1.000000
191 1.000000
192 1.000000
193 1.000000
194 1.000000
195 0.059649
196 0.040909
197 0.067130
198 0.036895
199 1.000000
200 0.666667
201 1.000000
202 1.000000
203 1.000000
204 0.400000
205 0.400000
206 1.000000
207 0.214286
208 1.000000
209 1.000000
210 1.000000
211 1.000000
212 1.000000
213 0.714286
214 0.474490
215 0.458333
216 0.680000
217 0.500000
218 0.000000
219 0.000000
220 0.000000
221 0.000000
222 1.000000
223 1.000000
224 1.000000
225 1.000000
226 1.000000
227 1.000000
228 1.000000
229 1.000000
230 0.523810
231 0.541667
232 0.625000
233 0.515152
234 0.696833
235 0.589744
236 0.418367
237 0.619318
238 0.601667
239 0.485714
240 0.725926
241 0.400000
242 0.111111
243 0.183333
244 0.400000
245 0.625000
246 0.720000
247 1.000000
248 0.555556
249 0.833333
250 1.000000
251 0.836735
252 0.600000
253 1.000000
254 0.833333
255 0.760000
256 0.800000
257 1.000000
258 0.500000
259 0.214506
260 0.000000
261 0.166667
262 0.033333
263 0.000000
264 0.666667
265 0.666667
266 0.464286
267 0.500000
268 0.666667
269 0.666667
270 0.384211
271 0.062500
272 0.211538
273 0.138889
274 0.833333
275 1.000000
276 1.000000
277 1.000000
278 1.000000
279 1.000000
280 1.000000
281 1.000000
282 1.000000
283 1.000000
284 1.000000
285 1.000000
286 1.000000
287 1.000000
288 1.000000
289 1.000000
290 1.000000
291 1.000000
292 1.000000
293 1.000000
294 0.500000
295 0.426282
296 0.272222
297 0.506173
298 0.375000
299 1.000000
300 1.000000
301 1.000000
302 1.000000
303 1.000000
304 1.000000
305 1.000000
306 0.500000
307 0.538149
308 0.639414
309 0.639753
310 0.604167
311 0.500000
312 0.500000
313 0.333333
314 0.500000
315 0.500000
316 0.176207
317 0.193676
318 0.025862
319 0.117788
320 0.072727
321 0.481482
322 0.285714
323 0.793561
324 0.566667
325 0.812500
326 1.000000
327 1.000000
328 1.000000
329 1.000000
330 1.000000
331 0.750000
332 0.600000
333 0.250000
334 1.000000
335 0.714286
336 1.000000
337 1.000000
338 1.000000
339 0.475000
340 0.392857
341 0.333333
342 0.250000
343 1.000000
344 1.000000
345 1.000000
346 1.000000
347 1.000000
348 1.000000
349 1.000000
350 0.250000
351 1.000000
352 0.000000
353 nan
354 1.000000
355 1.000000
356 1.000000
357 1.000000
358 1.000000
359 1.000000
360 1.000000
361 1.000000
362 1.000000
363 1.000000
364 0.000000
365 0.000000
366 1.000000
367 0.222222
368 0.156250
369 0.270503
370 0.443690
371 0.224501
372 0.166667
373 0.250000
374 0.500000
375 0.449405
376 1.000000
377 1.000000
378 1.000000
379 1.000000
380 1.000000
381 1.000000
382 1.000000
383 1.000000
384 1.000000
385 1.000000
386 0.000000
387 1.000000
388 1.000000
389 1.000000
390 1.000000
391 1.000000
392 1.000000
393 1.000000
394 1.000000
395 1.000000
396 1.000000
397 0.000000
398 1.000000
399 0.697917
400 0.189519
401 0.392063
402 0.174123
403 0.159091
404 0.137778
405 1.000000
406 1.000000
407 1.000000
408 1.000000
409 0.500000
410 1.000000
411 1.000000
412 1.000000
413 1.000000
414 1.000000
415 1.000000
416 0.000000
417 0.500000
418 0.500000
419 0.500000
420 1.000000
421 0.500000
422 1.000000
423 1.000000
424 1.000000
425 1.000000
426 1.000000
427 1.000000
428 1.000000
429 1.000000
430 1.000000
431 1.000000
432 1.000000
433 1.000000
434 1.000000
435 0.265152
436 0.265152
437 0.282051
438 1.000000
439 1.000000
440 1.000000
441 0.281092
442 0.439815
443 0.257890
444 0.308036
445 0.611111
446 1.000000
447 1.000000
448 1.000000
449 1.000000
450 1.000000
451 1.000000
452 1.000000
453 1.000000
454 1.000000
455 0.000000
456 0.166667
457 1.000000
458 1.000000
459 1.000000
460 1.000000
461 0.666667
462 1.000000
463 0.416667
464 0.750000
465 1.000000
466 1.000000
467 1.000000
468 1.000000
469 0.690476
470 0.250000
471 0.414435
472 0.325521
473 0.433333
474 0.323077
475 0.414062
476 0.181818
477 0.269841
478 0.272727
479 0.090909
480 0.062500
481 0.500000
482 0.166667
483 1.000000
484 0.500000
485 0.500000
486 0.833333
487 1.000000
488 0.750000
489 0.500000
490 0.644898
491 0.341667
492 0.371154
493 0.277778
494 0.432900
495 0.816327
496 0.673469
497 0.687500
498 0.600000
499 0.833333
500 0.690476
501 0.571429
502 0.673469
503 0.633333
504 0.300000
505 0.444444
506 0.333333
507 0.295238
508 0.142857
509 0.537037
510 0.461905
511 1.000000
512 0.836735
513 1.000000
514 0.333333
515 0.446970
516 0.414773
517 0.206349
518 0.458333
519 0.333333
520 0.350000
521 0.333333
522 0.833333
523 0.666667
524 0.833333
525 0.250000
526 0.333333
527 0.257143
528 0.500000
529 0.966667
530 1.000000
531 0.458333
532 0.444444
533 0.633333
534 0.500000
535 1.000000
536 1.000000
537 0.250000
538 0.300000
539 0.333333
540 0.257143
541 0.687500
542 0.500000
543 0.300000
544 0.550000
545 0.600000
546 0.118326
547 0.174240
548 0.130147
549 0.054054
550 0.170732
551 0.750000
552 0.750000
553 0.333333
554 0.750000
555 0.195617
556 0.055556
557 0.079710
558 0.000000
559 0.250000
560 0.400000
561 0.333333
562 0.600000
563 0.375000
564 0.666667
565 0.514286
566 0.561225
567 0.457143
568 0.314815
569 0.857143
570 0.402597
571 0.095238
572 0.068681
573 0.141155
574 0.137521
575 0.000000
576 0.596154
577 0.177564
578 0.490559
579 0.200000
580 0.591093
581 0.200000
582 0.427083
583 0.400000
584 0.378788
585 0.430357
586 0.000000
587 0.333333
588 0.111111
589 0.366667
590 0.540000
591 0.149320
592 0.145661
593 0.404605
594 0.294994
595 0.620604
596 0.533333
597 0.805556
598 0.603175
599 0.187500
600 0.296296
601 0.055556
602 0.607143
603 0.111111
604 0.666667
605 0.625000
606 0.515873
607 0.390278
608 0.447368
609 0.620000
610 0.557143
611 0.714286
612 0.485714
613 1.000000
614 1.000000
615 1.000000
616 0.750000
617 1.000000
618 1.000000
619 1.000000
620 1.000000
621 1.000000
622 1.000000
623 0.000000
624 1.000000
625 1.000000
626 1.000000
627 1.000000
628 0.000000
629 1.000000
630 0.000000
631 0.500000
632 1.000000
633 1.000000
634 0.583333
635 0.750000
636 0.633333
637 0.292208
638 0.472222
639 0.500000
640 1.000000
641 1.000000
642 1.000000
643 1.000000
644 1.000000
645 0.389423
646 0.710956
647 0.450000
648 0.071429
649 0.361979
650 0.392857
651 0.700000
652 0.510379
653 0.250000
654 0.713287
655 0.833333
656 0.095238
657 0.510417
658 0.333333
659 0.458267
660 0.083333
661 0.100000
662 0.319444
663 1.000000
664 0.666667
665 1.000000
666 0.833333
667 0.555556
668 0.309524
669 0.750000
670 0.583333
671 0.246154
672 0.151515
673 0.533333
674 0.166667
675 0.666667
676 0.400000
677 0.225000
678 0.362500
679 0.555556
680 0.458333
681 0.449830
682 0.229861
683 0.200494
684 0.313082
685 0.275253
686 0.500000
687 0.510417
688 0.687500
689 0.500000
690 0.125000
691 0.500000
692 0.333333
693 0.650000
694 0.625000
695 0.714286
696 0.571429
697 0.625000
698 0.728395
699 1.000000
700 1.000000
701 0.500000
702 1.000000
703 1.000000
704 0.166667
705 0.666667
706 0.226381
707 0.533333
708 0.573626
709 0.340000
710 0.402273
711 1.000000
712 1.000000
713 1.000000
714 1.000000
715 1.000000
716 1.000000
717 1.000000
718 0.638889
719 0.547727
720 0.720000
721 0.700000
722 1.000000
723 1.000000
724 1.000000
725 0.000000
726 1.000000
727 1.000000
728 1.000000
729 0.337607
730 0.156571
731 0.555556
732 0.210920
733 0.000000
734 0.161765
735 0.240741
736 0.342105
737 1.000000
738 1.000000
739 1.000000
740 1.000000
741 1.000000
742 1.000000
743 1.000000
744 1.000000
745 1.000000
746 1.000000
747 1.000000
748 1.000000
749 1.000000
750 1.000000
751 1.000000
752 1.000000
753 1.000000
754 1.000000
755 1.000000
756 1.000000
757 1.000000
758 1.000000
759 1.000000
760 1.000000
761 1.000000
762 1.000000
763 1.000000
764 1.000000
765 1.000000
766 1.000000
767 1.000000
768 1.000000
769 0.500000
770 0.571429
771 0.369048
772 0.571429
773 0.585601
774 0.333333
775 0.452381
776 0.244444
777 0.564286
778 0.423077
779 1.000000
780 1.000000
781 1.000000
782 1.000000
783 1.000000
784 1.000000
785 1.000000
786 1.000000
787 0.333333
788 1.000000
789 0.800000
790 1.000000
791 0.000000
792 1.000000
793 0.698052
794 0.642157
795 0.571429
796 0.604844
797 0.750000
798 1.000000
799 1.000000
800 1.000000
801 1.000000
802 1.000000
803 1.000000
804 0.250000
805 1.000000
806 0.666667
807 0.333333
808 0.453333
809 0.597643
810 0.732143
811 0.458333
812 0.664286
813 1.000000
814 1.000000
815 0.537037
816 0.350000
817 0.459524
818 0.314286
819 0.400000
820 0.533333
821 0.714286
822 0.775794
823 0.450000
824 0.675000
825 0.833333
826 0.444444
827 0.946429
828 0.545455
829 0.222222
830 0.750000
831 1.000000
832 0.280000
833 0.509091
834 0.462500
835 0.553571
836 0.499548
837 0.200000
838 0.800000
839 0.450000
840 0.288889
841 0.375000
842 0.250000
843 0.333333
844 0.333333
845 0.400000
846 0.500000
847 1.000000
848 0.000000
849 1.000000
850 0.500000
851 1.000000
852 0.500000
853 0.714286
854 0.833333
855 0.444444
856 0.542857
857 0.500000
858 0.500000
859 0.500000
860 0.333333
861 0.500000
862 0.222222
863 0.750000
864 1.000000
865 1.000000
866 1.000000
867 0.319444
868 0.190000
869 0.750000
870 0.144000
871 0.250000
872 0.550000
873 0.111111
874 1.000000
875 1.000000
876 1.000000
877 1.000000
878 1.000000
879 1.000000
880 1.000000
881 1.000000
882 1.000000
883 1.000000
884 0.176471
885 0.373611
886 0.401443
887 0.247407
888 0.230769
889 0.714286
890 0.714286
891 1.000000
892 0.816327
893 0.900000
894 0.714286
895 0.583333
896 0.733333
897 0.830357
898 1.000000
899 0.361111
900 0.750000
901 0.589286
902 0.800000
903 0.666667
904 0.866667
905 0.500000
906 0.755556
907 0.666667
908 1.000000
909 1.000000
910 1.000000
911 0.440000
912 0.166667
913 0.208333
914 0.291667
915 0.651791
916 0.414683
917 0.506838
918 0.638889
919 0.444444
920 0.028571
921 0.583333
922 0.390476
923 0.305882
924 0.200000
925 0.142857
926 0.400000
927 0.400000
928 0.400000
929 1.000000
930 nan
931 1.000000
932 1.000000
933 0.458333
934 0.396429
935 0.457143
936 0.355556
937 0.208333
938 0.207764
939 0.488129
940 0.561667
941 0.573064
942 0.720000
943 0.683333
944 0.250000
945 0.750000
946 0.800000
947 0.587302
948 0.566667
949 0.680000
950 0.800000
951 0.500000
952 0.444444
953 0.291667
954 0.775510
955 0.775794
956 0.285714
957 0.571429
958 0.166667
959 0.333333
960 1.000000
961 0.000000
962 1.000000
963 0.166667
964 0.071429
965 0.425490
966 0.505952
967 0.625000
968 1.000000
969 0.472222
970 0.364583
971 0.629630
972 0.357143
973 0.400000
974 0.693182
975 0.545455
976 0.250000
977 0.500000
978 0.902778
979 1.000000
980 0.800000
981 0.966667
982 1.000000
983 1.000000
984 1.000000
985 1.000000
986 1.000000
987 1.000000
988 1.000000
989 1.000000
990 1.000000
991 1.000000
992 1.000000
993 1.000000
994 1.000000
995 1.000000
996 1.000000
997 1.000000
998 1.000000
999 1.000000
1000 1.000000
1001 1.000000
1002 1.000000
1003 1.000000
1004 1.000000
1005 1.000000
1006 0.500000
1007 0.625000
1008 0.386667
1009 0.378788
1010 0.481482
1011 0.371111
1012 0.324074
1013 0.138889
1014 0.500000
1015 1.000000
1016 1.000000
1017 0.666667
1018 1.000000
1019 1.000000
1020 0.000000
1021 0.500000
1022 0.250000
1023 0.500000
1024 0.650000
1025 0.083333
1026 0.400000
1027 0.666667
1028 0.500000
1029 0.566667
1030 0.452381
1031 0.522727
1032 0.402998
1033 0.631944
1034 0.357143
1035 0.710317
1036 1.000000
1037 1.000000
1038 0.292593
1039 0.673077
1040 0.714286
1041 0.138889
1042 0.409091
1043 1.000000
1044 0.666667
1045 0.500000
1046 0.550000
1047 0.966667
1048 0.966667
1049 0.952381
1050 1.000000
1051 0.666667
1052 0.000000
1053 0.266667
1054 0.083333
1055 0.099421
1056 0.109535
1057 0.666667
1058 0.666667
1059 0.555556
1060 0.555556
1061 0.666667
1062 0.204545
1063 0.269231
1064 0.265152
1065 0.033835
1066 0.523810
1067 0.000000
1068 0.050000
1069 0.096154
1070 0.500000
1071 0.571429
1072 0.148148
1073 0.611111
1074 0.461728
1075 0.070175
1076 0.106838
1077 0.021277
1078 0.053763
1079 1.000000
1080 0.571429
1081 1.000000
1082 1.000000
1083 0.800000
1084 0.666667
1085 0.666667
1086 0.966667
1087 0.000000
1088 0.237967
1089 0.315556
1090 0.182609
1091 0.120536
1092 0.107197
1093 0.183333
1094 0.410390
1095 0.108889
1096 0.089286
1097 0.039216
1098 0.105072
1099 0.125667
1100 0.243192
1101 0.268778
1102 0.144477
1103 0.286733
1104 0.285205
1105 0.379487
1106 0.311765
1107 0.173077
1108 0.293860
1109 0.199190
1110 0.453846
1111 0.292708
1112 0.383333
1113 1.000000
1114 1.000000
1115 1.000000
1116 1.000000
1117 1.000000
1118 1.000000
1119 1.000000
1120 1.000000
1121 1.000000
1122 1.000000
1123 1.000000
1124 1.000000
1125 0.833333
1126 0.333333
1127 1.000000
1128 1.000000
1129 1.000000
1130 1.000000
1131 1.000000
1132 1.000000
1133 1.000000
1134 1.000000
1135 1.000000
1136 1.000000
1137 0.666667
1138 0.493939
1139 0.500000
1140 0.244019
1141 0.690476
1142 1.000000
1143 0.150000
1144 0.368750
1145 1.000000
1146 1.000000
1147 1.000000
1148 1.000000
1149 1.000000
1150 1.000000
1151 1.000000
1152 1.000000
1153 0.800000
1154 0.666667
1155 0.523810
1156 0.333333
1157 0.530000
1158 0.545455
1159 0.533333
1160 0.416667
1161 0.606754
1162 1.000000
1163 0.833333
1164 0.650000
1165 0.640000
1166 0.500000
1167 0.666667
1168 0.545455
1169 0.616667
1170 0.469444
1171 0.500000
1172 0.393939
1173 1.000000
1174 1.000000
1175 1.000000
1176 1.000000
1177 1.000000
1178 1.000000
1179 0.833333
1180 1.000000
1181 1.000000
1182 1.000000
1183 1.000000
1184 1.000000
1185 1.000000
1186 1.000000
1187 1.000000
1188 1.000000
1189 1.000000
1190 0.666667
1191 0.416667
1192 0.800000
1193 0.250000
1194 1.000000
1195 0.250000
1196 1.000000
1197 1.000000
1198 1.000000
1199 1.000000
1200 1.000000
1201 0.409091
1202 0.387255
1203 0.333333
1204 0.500000
1205 0.760000
1206 0.600000
1207 0.250000
1208 0.200000
1209 0.500000
1210 0.428571
1211 0.732143
1212 0.772727
1213 0.466667
1214 0.211111
1215 0.500000
1216 1.000000
1217 0.666667
1218 0.500000
1219 0.333333
1220 0.600000
1221 0.714286
1222 1.000000
1223 1.000000
1224 1.000000
1225 1.000000
1226 1.000000
1227 0.250000
1228 0.333333
1229 0.555556
1230 0.250000
1231 0.666667
1232 0.643639
1233 0.551948
1234 0.251515
1235 0.318182
1236 0.534975
1237 0.322222
1238 0.501587
1239 0.409091
1240 0.750000
1241 0.636364
1242 0.400000
1243 0.642857
1244 0.500000
1245 0.361111
1246 0.333333
1247 0.483117
1248 0.604167
1249 0.445155
1250 0.583333
1251 0.484849
1252 0.333333
1253 0.200000
1254 0.500000
1255 0.174342
1256 0.061404
1257 0.024691
1258 0.064550
1259 0.118056
1260 0.241667
1261 0.777778
1262 0.661458
1263 0.790909
1264 0.624346
1265 0.485714
1266 0.145455
1267 0.260031
1268 0.139706
1269 0.198413
1270 0.137931
1271 0.214815
1272 0.568671
1273 0.443519
1274 0.609091
1275 0.216117
1276 1.000000
1277 1.000000
1278 1.000000
1279 1.000000
1280 1.000000
1281 1.000000
1282 1.000000
1283 1.000000
1284 1.000000
1285 1.000000
1286 1.000000
1287 1.000000
1288 1.000000
1289 1.000000
1290 1.000000
1291 1.000000
1292 1.000000
1293 1.000000
1294 1.000000
1295 1.000000
1296 0.178571
1297 0.292308
1298 0.022727
1299 0.166667
1300 0.187500
1301 0.197917
1302 0.264286
1303 0.250000
1304 0.555556
1305 0.000000
1306 0.666667
1307 0.200000
1308 0.578125
1309 0.847222
1310 0.416667
1311 0.575000
1312 0.697917
1313 0.500000
1314 0.900000
1315 0.696429
1316 0.607143
1317 0.200000
1318 0.250000
1319 0.300000
1320 0.500000
1321 0.000000
1322 0.270909
1323 0.345000
1324 0.280612
1325 0.171429
1326 0.282143
1327 0.583846
1328 0.531818
1329 0.450000
1330 0.933333
1331 0.450000
1332 0.376068
1333 0.500000
1334 0.523810
1335 0.000000
1336 0.333333
1337 1.000000
1338 0.416667
1339 0.555556
1340 0.411429
1341 0.444444
1342 0.250000
1343 0.552083
1344 1.000000
1345 0.800000
1346 0.041667
1347 0.800000
1348 0.000000
1349 0.187500
1350 0.375000
1351 0.500000
1352 0.750000
1353 0.416667
1354 0.333333
1355 0.750000
1356 0.333333
1357 0.666667
1358 0.750000
1359 0.083333
1360 0.428571
1361 0.650000
1362 0.750000
1363 0.800000
1364 0.833333
1365 0.523430
1366 0.531250
1367 0.628571
1368 0.687500
1369 1.000000
1370 1.000000
1371 1.000000
1372 1.000000
1373 1.000000
1374 1.000000
1375 1.000000
1376 0.500000
1377 0.666667
1378 1.000000
1379 0.950000
1380 0.611111
1381 0.562500
1382 0.625000
1383 0.566667
1384 1.000000
1385 1.000000
1386 1.000000
1387 1.000000
1388 1.000000
1389 1.000000
1390 1.000000
1391 1.000000
1392 1.000000
1393 1.000000
1394 1.000000
1395 1.000000
1396 1.000000
1397 1.000000
1398 0.659119
1399 0.333333
1400 1.000000
1401 1.000000
1402 1.000000
1403 1.000000
1404 1.000000
1405 0.000000
1406 1.000000
1407 1.000000
1408 0.107955
1409 0.071429
1410 0.666667
1411 0.333333
1412 0.666667
1413 0.750000
1414 0.396825
1415 0.666667
1416 0.767045
1417 1.000000
1418 1.000000
1419 1.000000
1420 1.000000
1421 1.000000
1422 1.000000
1423 1.000000
1424 1.000000
1425 1.000000
1426 1.000000
1427 1.000000
1428 1.000000
1429 1.000000
1430 1.000000
1431 1.000000
1432 0.250000
1433 1.000000
1434 1.000000
1435 1.000000
1436 1.000000
1437 0.427767
1438 0.500000
1439 0.571154
1440 0.488512
1441 0.462121
1442 1.000000
1443 0.623932
1444 0.604167
1445 0.714286
1446 0.351852
1447 0.816327
1448 0.686364
1449 0.805556
1450 0.857143
1451 0.714286
1452 1.000000
1453 0.750000
1454 0.416667
1455 1.000000
1456 1.000000
1457 0.500000
1458 1.000000
1459 1.000000
1460 1.000000
1461 1.000000
1462 1.000000
1463 1.000000
1464 1.000000
1465 1.000000
1466 1.000000
1467 1.000000
1468 1.000000
1469 1.000000
1470 1.000000
1471 1.000000
1472 0.250000
1473 0.200000
1474 0.625000
1475 0.400000
1476 0.484416
1477 0.604355
1478 0.535124
1479 0.719048
1480 0.666667
1481 0.581818
1482 0.311111
1483 0.690476
1484 0.403770
1485 1.000000
1486 1.000000
1487 0.500000
1488 1.000000
1489 1.000000
1490 1.000000
1491 1.000000
1492 1.000000
1493 1.000000
1494 1.000000
1495 1.000000
1496 0.000000
1497 0.500000
1498 1.000000
1499 1.000000
1500 1.000000
1501 1.000000
1502 0.500000
1503 1.000000
1504 0.571429
1505 0.458333
1506 0.100000
1507 0.427083
1508 0.500000
1509 0.166667
1510 0.750000
1511 0.111111
1512 0.000000
1513 0.207197
1514 0.282750
1515 0.313218
1516 0.238095
1517 0.403008
1518 0.312500
1519 0.375000
1520 0.375000
1521 0.510204
1522 0.666667
1523 0.250000
1524 0.206349
1525 0.333333
1526 0.065789
1527 0.248120
1528 0.306548
1529 0.648148
1530 0.625000
1531 0.857143
1532 0.125000
1533 0.500000
1534 0.750000
1535 0.564815
1536 0.300000
1537 0.432487
1538 0.267857
1539 0.387358
1540 0.117647
1541 0.284864
1542 0.227941
1543 0.500000
1544 0.431429
1545 0.500000
1546 0.366667
1547 0.142714
1548 0.326471
1549 0.185069
1550 0.564214
1551 0.833333
1552 0.650000
1553 0.333333
1554 0.318831
1555 0.069565
1556 0.152074
1557 0.378788
1558 0.087179
1559 0.250000
1560 0.666667
1561 0.600000
1562 0.800000
1563 0.600000
1564 0.600000
1565 0.550000
1566 0.875000
1567 0.763889
1568 0.833333
1569 0.824074
1570 0.888889
1571 0.966667
1572 0.600000
1573 1.000000
1574 0.785714
1575 0.835714
1576 1.000000
1577 1.000000
1578 1.000000
1579 1.000000
1580 1.000000
1581 1.000000
1582 0.333333
1583 0.250000
1584 0.333333
1585 0.375000
1586 0.333333
1587 0.229167
1588 0.750000
1589 0.319088
1590 0.666667
1591 0.500000
1592 0.500000
1593 0.500000
1594 0.333333
1595 0.666667
1596 0.666667
1597 1.000000
1598 0.500000
1599 0.113426
1600 0.215686
1601 0.362963
1602 0.475000
1603 0.673469
1604 0.520000
1605 0.371429
1606 0.275000
1607 0.028571
1608 0.208333
1609 0.780000
1610 0.333333
1611 0.514286
1612 0.315865
1613 0.297048
1614 0.363874
1615 0.360269
1616 0.396207
1617 0.519444
1618 0.377778
1619 0.321429
1620 0.500000
1621 0.544444
1622 0.444444
1623 0.666667
1624 0.714286
1625 0.424242
1626 0.392857
1627 0.223776
1628 0.093750
1629 0.506494
1630 0.215909
1631 0.538462
1632 0.296698
1633 0.302083
1634 0.228782
1635 0.303382
1636 0.204545
1637 0.533333
1638 0.333333
1639 0.333333
1640 0.210784
1641 0.378788
1642 0.211538
1643 0.238199
1644 0.333333
1645 0.489286
1646 0.166667
1647 0.157143
1648 0.289683
1649 0.293860
1650 0.467949
1651 0.573333
1652 0.600000
1653 0.571429
1654 0.600000
1655 0.541667
1656 0.377778
1657 0.225000
1658 0.233211
1659 0.637821
1660 0.340336
1661 0.714286
1662 0.428571
1663 0.200000
1664 0.714286
1665 0.176471
1666 0.045455
1667 0.136364
1668 0.039216
1669 0.357823
1670 0.553571
1671 0.550000
1672 0.520833
1673 0.542857
1674 0.678571
1675 0.666667
1676 0.125000
1677 0.300000
1678 0.440000
1679 0.916667
1680 0.300000
1681 0.366667
1682 0.555556
1683 0.333333
1684 0.333333
1685 0.462704
1686 0.387755
1687 0.307143
1688 0.599206
1689 0.484960
1690 0.083333
1691 0.025641
1692 0.416667
1693 0.500000
1694 0.366667
1695 0.562500
1696 0.404762
1697 0.466667
1698 0.733333
1699 0.900000
1700 0.550000
1701 0.644898
1702 0.261538
1703 0.785714
1704 0.600000
1705 0.300000
1706 0.169312
1707 0.260417
1708 0.128205
1709 0.282680
1710 0.119240
1711 0.916667
1712 0.750000
1713 0.333333
1714 1.000000
1715 1.000000
1716 0.000000
1717 1.000000
1718 0.400000
1719 0.400000
1720 0.600000
1721 0.900000
1722 1.000000
1723 0.720000
1724 0.250000
1725 0.500000
1726 1.000000
1727 0.750000
1728 1.000000
1729 1.000000
1730 0.550000
1731 0.562500
1732 0.733333
1733 0.500000
1734 0.750000
1735 1.000000
1736 0.500000
1737 0.500000
1738 0.278912
1739 0.565926
1740 0.056250
1741 0.156746
1742 0.626517
1743 0.062500
1744 0.532426
1745 0.555556
1746 0.567619
1747 0.471429
1748 0.222222
1749 0.283333
1750 0.366883
1751 0.234127
1752 0.577922
1753 0.571429
1754 0.233766
1755 1.000000
1756 0.000000
1757 1.000000
1758 0.666667
1759 0.946429
1760 1.000000
1761 0.550000
1762 0.916667
1763 0.666667
1764 0.333333
1765 0.666667
1766 1.000000
1767 1.000000
1768 1.000000
1769 1.000000
1770 1.000000
1771 0.833333
1772 0.687500
1773 0.750000
1774 0.650000
1775 1.000000
1776 1.000000
1777 1.000000
1778 1.000000
1779 0.333333
1780 0.500000
1781 0.250000
1782 1.000000
1783 1.000000
1784 0.214654
1785 0.333333
1786 0.616162
1787 0.333333
1788 1.000000
1789 1.000000
1790 1.000000
1791 1.000000
1792 0.434921
1793 0.423016
1794 0.406061
1795 0.333333
1796 0.400000
1797 0.479227
1798 0.307692
1799 0.166667
1800 0.198529
1801 0.242529
1802 0.411111
1803 0.666667
1804 0.392857
1805 0.800000
1806 0.750000
1807 0.550000
1808 0.833333
1809 1.000000
1810 0.944444
1811 0.619963
1812 0.510204
1813 0.375000
1814 0.616371
1815 0.391667
1816 0.577778
1817 0.888889
1818 0.369264
1819 0.444205
1820 0.796875
1821 0.714286
1822 0.646465
1823 0.520000
1824 0.736111
1825 0.500000
1826 1.000000
1827 1.000000
1828 1.000000
1829 1.000000
1830 0.642857
1831 0.833333
1832 0.346154
1833 0.555556
1834 1.000000
1835 1.000000
1836 0.500000
1837 0.063953
1838 0.022222
1839 0.021645
1840 0.047383
1841 0.000000
1842 0.168301
1843 0.097222
1844 0.046737
1845 0.178254
1846 0.084309
1847 0.663636
1848 0.360140
1849 0.600000
1850 0.490385
1851 0.763889
1852 0.750000
1853 0.720000
1854 0.500000
1855 0.650000
1856 0.680000
1857 0.142857
1858 1.000000
1859 1.000000
1860 0.642857
1861 0.380000
1862 0.458333
1863 0.604167
1864 0.250000
1865 0.222222
1866 0.578125
1867 0.564286
1868 0.632653
1869 0.357143
1870 0.514286
1871 0.442995
1872 0.202381
1873 0.641780
1874 0.333333
1875 0.000000
1876 0.333333
1877 0.250000
1878 0.500000
1879 0.138386
1880 0.375000
1881 0.288462
1882 0.416667
1883 0.583333
1884 0.443124
1885 0.139560
1886 0.450000
1887 0.193878
1888 0.230769
1889 0.205882
1890 0.110000
1891 0.458333
1892 0.360388
1893 0.071429
1894 0.306162
1895 0.305556
1896 0.152778
1897 0.500000
1898 0.500000
1899 0.500000
1900 0.166667
1901 0.280000
1902 0.550000
1903 0.800000
1904 0.555556
1905 0.416667
1906 1.000000
1907 1.000000
1908 1.000000
1909 1.000000
1910 0.640000
1911 0.416667
1912 0.333333
1913 0.083333
1914 0.416667
1915 0.446154
1916 0.325476
1917 0.790909
1918 0.385154
1919 0.465152
1920 0.761249
1921 1.000000
1922 1.000000
1923 1.000000
1924 1.000000
1925 1.000000
1926 0.500000
1927 1.000000
1928 0.333333
1929 0.333333
1930 0.363636
1931 0.410256
1932 0.454545
1933 0.557143
1934 0.246154
1935 0.528846
1936 0.777778
1937 0.336806
1938 0.481482
1939 0.616667
1940 0.266667
1941 0.514286
1942 0.666667
1943 0.469444
1944 0.662500
1945 0.666667
1946 0.609976
1947 0.714286
1948 0.708333
1949 0.428571
1950 0.453663
1951 0.181731
1952 0.368653
1953 0.332789
1954 0.348338
1955 0.504276
1956 1.000000
1957 0.755102
1958 1.000000
1959 1.000000
1960 1.000000
1961 1.000000
1962 0.389610
1963 0.620000
1964 0.750000
1965 0.458333
1966 1.000000
1967 1.000000
1968 0.500000
1969 0.166667
1970 0.225000
1971 0.428571
1972 0.857143
1973 0.821429
1974 0.748148
1975 0.595238
1976 0.666667
1977 0.400000
1978 0.200000
1979 0.750000
1980 0.500000
1981 0.101754
1982 0.297619
1983 0.388889
1984 0.260417
1985 0.206530
1986 0.519231
1987 0.067725
1988 1.000000
1989 0.666667
1990 0.666667
1991 0.500000
1992 0.166667
1993 0.266667
1994 0.333333
1995 0.086905
1996 0.532197
1997 0.309402
1998 0.425000
1999 0.652381
2000 0.462963
2001 0.321429
2002 0.542857
2003 0.396825
2004 0.638889
2005 0.781250
2006 0.333333
2007 0.510204
2008 0.250000
2009 0.200000
2010 0.666667
2011 0.333333
2012 0.000000
2013 0.166667
2014 0.083333
2015 0.111111
2016 1.000000
2017 0.200000
2018 1.000000
2019 0.500000
2020 1.000000
2021 0.634921
2022 0.507576
2023 0.333333
2024 1.000000
2025 0.494444
2026 0.785714
2027 0.750000
2028 1.000000
2029 0.902857
2030 0.836735
2031 0.206169
2032 0.433381
2033 0.613095
2034 0.250000
2035 0.500000
2036 0.555556
2037 0.666667
2038 1.000000
2039 0.598571
2040 0.142857
2041 0.600000
2042 0.769368
2043 0.433333
2044 0.333333
2045 0.250000
2046 1.000000
2047 0.244444
2048 0.062500
2049 0.125000
2050 0.100000
2051 0.133333
2052 0.722222
2053 0.666667
2054 0.000000
2055 0.600000
2056 0.275000
2057 0.300000
2058 0.583333
2059 0.633333
2060 0.307692
2061 0.979798
2062 0.541667
2063 0.416667
2064 0.829365
2065 0.500000
2066 0.976190
2067 1.000000
2068 0.687500
2069 1.000000
2070 1.000000
2071 0.250000
2072 0.416667
2073 0.166667
2074 0.440000
2075 0.500000
2076 0.600000
2077 1.000000
2078 0.208333
2079 0.666667
2080 0.500000
2081 1.000000
2082 0.866667
2083 0.500000
2084 0.226316
2085 0.509615
2086 0.581633
2087 0.298246
2088 0.428571
2089 1.000000
2090 1.000000
2091 0.966667
2092 1.000000
2093 0.600000
2094 0.500000
2095 0.444444
2096 0.500000
2097 1.000000
2098 0.534632
2099 0.709280
2100 0.127273
2101 0.334524
2102 0.515152
2103 0.250000
2104 1.000000
2105 0.750000
2106 0.562500
2107 0.750000
2108 0.857143
2109 1.000000
2110 1.000000
2111 0.750000
2112 0.833333
2113 0.800000
2114 0.805556
2115 0.800000
2116 0.800000
2117 0.785714
2118 1.000000
2119 0.800000
2120 1.000000
2121 0.416667
2122 0.800000
2123 0.750000
2124 0.257541
2125 0.000000
2126 1.000000
2127 0.250000
2128 0.174603
2129 0.336364
2130 0.250000
2131 0.372468
2132 0.646429
2133 0.762238
2134 0.538462
2135 0.113426
2136 0.088532
2137 0.114070
2138 0.034783
2139 1.000000
2140 1.000000
2141 1.000000
2142 0.566667
2143 0.212121
2144 0.657143
2145 0.470997
2146 0.365344
2147 0.330769
2148 0.386905
2149 0.460908
2150 0.584436
2151 0.456044
2152 0.345455
2153 0.164633
2154 0.187710
2155 0.137968
2156 0.150031
2157 0.642857
2158 0.571429
2159 1.000000
2160 0.722222
2161 0.625000
2162 0.768232
2163 0.189337
2164 0.464286
2165 0.439560
2166 0.529101
2167 0.107235
2168 0.210145
2169 0.094470
2170 0.080435
2171 0.096795
2172 0.166667
2173 0.666667
2174 0.633333
2175 0.687500
2176 0.500000
2177 0.625000
2178 1.000000
2179 0.666667
2180 0.833333
2181 0.916667
2182 0.880952
2183 0.900000
2184 0.500000
2185 0.902857
2186 0.416667
2187 0.900000
2188 0.416667
2189 0.677778
2190 0.142857
2191 0.625000
2192 0.714286
2193 0.750505
2194 0.875000
2195 0.604167
2196 0.200000
2197 0.666667
2198 0.000000
2199 0.800000
2200 0.966667
2201 0.900000
2202 0.578125
2203 0.950000
2204 0.388758
2205 0.397661
2206 0.188095
2207 0.108333
2208 0.383838
2209 0.475936
2210 0.466667
2211 0.452381
2212 0.714286
2213 0.666667
2214 0.800000
2215 0.638889
2216 0.515873
2217 0.416667
2218 0.333333
2219 0.550000
2220 0.433333
2221 0.458333
2222 0.062169
2223 0.126389
2224 0.238636
2225 0.047619
2226 0.053846
2227 0.084967
2228 0.486667
2229 0.385732
2230 0.750000
2231 0.012500
2232 0.533333
2233 0.600000
2234 0.539286
2235 0.277778
2236 0.714286
2237 0.750000
2238 0.559184
2239 0.750000
2240 0.833333
2241 0.775000
2242 0.461538
2243 0.583333
2244 0.735134
2245 0.755102
2246 0.500000
2247 0.750000
2248 0.457143
2249 0.553125
2250 0.541667
2251 0.666667
2252 0.553571
2253 0.333333
2254 0.433333
2255 0.142857
2256 0.527273
2257 0.447222
2258 0.717836
2259 0.587302
2260 0.875000
2261 1.000000
2262 0.986111
2263 1.000000
2264 0.655983
2265 0.736111
2266 0.714286
2267 0.400000
2268 0.633333
2269 0.335714
2270 0.583333
2271 0.382812
2272 0.625000
2273 0.309524
2274 0.333036
2275 0.227778
2276 0.293168
2277 0.457895
2278 0.530444
2279 1.000000
2280 1.000000
2281 0.666667
2282 1.000000
2283 0.800000
2284 0.357143
2285 0.583333
2286 0.380952
2287 0.800000
2288 0.166667
2289 0.377778
2290 0.475000
2291 0.294709
2292 0.556410
2293 0.358268
2294 0.392012
2295 0.206282
2296 0.000000
2297 0.833333
2298 0.400000
2299 0.500000
2300 0.480576
2301 0.523359
2302 0.567669
2303 0.502024
2304 0.553855
2305 0.185185
2306 0.500000
2307 0.500000
2308 0.241667
2309 0.166667
2310 0.611111
2311 0.355556
2312 0.336735
2313 0.399700
2314 0.429617
2315 0.436782
2316 0.643290
2317 0.524177
2318 0.555556
2319 1.000000
2320 0.750000
2321 0.500000
2322 0.916667
2323 0.720000
2324 0.553333
2325 0.800000
2326 0.500000
2327 0.750000
2328 0.407220
2329 0.222345
2330 0.180556
2331 0.379058
2332 0.391667
2333 0.250000
2334 0.165266
2335 1.000000
2336 0.833333
2337 0.666667
2338 0.400000
2339 0.750000
2340 0.517749
2341 0.411765
2342 0.244898
2343 0.261905
2344 0.475000
2345 0.700000
2346 0.719048
2347 0.654762
2348 0.442500
2349 0.600000
2350 0.556410
2351 0.529412
2352 0.302564
2353 0.285714
2354 0.416554
2355 0.375000
2356 0.550000
2357 0.250000
2358 0.500000
2359 0.333333
2360 1.000000
2361 0.750000
2362 0.428571
2363 0.613333
2364 0.875000
2365 0.238889
2366 0.144000
2367 0.407554
2368 0.200000
2369 0.033333
2370 0.066667
2371 0.300000
2372 0.375000
2373 0.303571
2374 0.416667
2375 0.100000
2376 0.135417
2377 0.015385
2378 0.028571
2379 0.321429
2380 0.216667
2381 0.416667
2382 0.200000
2383 0.666667
2384 0.093750
2385 0.327273
2386 0.262698
2387 0.100000
2388 0.571212
2389 0.431746
2390 0.530000
2391 0.230769
2392 0.700337
2393 0.718750
2394 0.112500
2395 0.401361
2396 0.250000
2397 0.353742
2398 0.481818
2399 0.284615
2400 0.161332
2401 0.848370
2402 0.204167
2403 0.349206
2404 0.750000
2405 0.400000
2406 0.333333
2407 0.582017
2408 0.597884
2409 0.612698
2410 0.571429
2411 0.133333
2412 0.500000
2413 0.416667
2414 0.600000
2415 0.133333
2416 0.500000
2417 0.520000
2418 0.312037
2419 0.158163
2420 1.000000
2421 0.291667
2422 0.379167
2423 0.500000
2424 0.462963
2425 0.836735
2426 0.257143
2427 0.416667
2428 0.166667
2429 0.611111
2430 0.341667
2431 0.666667
2432 1.000000
2433 0.833333
2434 1.000000
2435 0.833333
2436 0.652211
2437 0.434072
2438 0.534732
2439 0.610714
2440 0.657407
2441 0.333333
2442 0.625000
2443 0.760000
2444 0.625000
2445 0.916667
2446 0.857143
2447 0.857143
2448 0.666667
2449 0.714286
2450 0.836735
2451 0.633333
2452 0.720000
2453 0.411458
2454 0.174603
2455 0.589015
2456 1.000000
2457 0.500000
2458 0.166667
2459 0.500000
2460 1.000000
2461 0.571429
2462 0.666667
2463 0.375000
2464 0.500000
2465 0.458333
2466 0.352679
2467 0.537037
2468 0.514286
2469 0.750000
2470 1.000000
2471 1.000000
2472 0.000000
2473 0.750000
2474 0.687500
2475 0.500000
2476 0.000000
2477 0.482684
2478 0.358165
2479 0.578947
2480 0.338154
2481 0.788462
2482 0.108631
2483 0.013889
2484 0.200000
2485 0.333333
2486 0.333333
2487 0.166667
2488 0.500000
2489 0.463095
2490 0.515152
2491 0.584286
2492 0.494949
2493 0.793651
2494 0.500000
2495 0.666667
2496 0.666667
2497 0.625000
2498 0.763889
2499 0.716667
2500 0.585714
2501 0.625000
2502 0.333333
2503 0.800000
2504 0.476190
2505 0.750000
2506 0.323129
2507 0.197692
2508 0.142857
2509 0.200000
2510 0.400298
2511 0.673721
2512 0.457143
2513 0.366667
2514 0.462963
2515 0.666667
2516 0.457143
2517 0.166667
2518 0.357143
2519 0.050000
2520 0.333333
2521 0.777778
2522 0.500000
2523 0.666667
2524 0.166667
2525 0.666667
2526 0.331250
2527 0.355769
2528 0.259740
2529 0.187970
2530 0.329953
2531 0.000000
2532 0.600000
2533 0.500000
2534 0.833333
2535 0.833333
2536 1.000000
2537 0.444444
2538 0.333333
2539 0.375000
2540 0.250000
2541 0.666667
2542 0.476190
2543 0.400000
2544 0.857143
2545 0.230857
2546 0.513885
2547 0.118182
2548 0.600000
2549 0.628852
2550 0.500000
2551 0.500000
2552 0.750000
2553 0.687500
2554 1.000000
2555 0.687500
2556 0.750000
2557 0.750000
2558 0.666667
2559 0.750000
2560 0.233333
2561 0.648148
2562 0.066667
2563 0.250794
2564 0.467857
2565 0.500000
2566 0.566667
2567 0.333333
2568 0.733333
2569 0.425000
2570 0.640000
2571 0.357143
2572 0.485714
2573 0.600000
2574 1.000000
2575 0.333333
2576 0.750000
2577 1.000000
2578 0.750000
2579 0.500000
2580 1.000000
2581 0.075758
2582 0.290000
2583 0.055172
2584 0.500000
2585 0.092000
2586 0.375000
2587 0.750000
2588 0.750000
2589 0.450000
2590 0.144444
2591 0.513889
2592 0.142857
2593 0.257143
2594 0.666667
2595 0.500000
2596 0.333333
2597 0.733045
2598 0.717172
2599 0.621429
2600 0.566667
2601 1.000000
2602 0.000000
2603 0.083333
2604 0.333333
2605 0.416667
2606 0.000000
2607 0.083333
2608 0.066822
2609 0.027500
2610 0.079206
2611 0.043956
2612 0.097619
2613 1.000000
2614 0.129870
2615 0.222222
2616 0.222222
2617 0.221261
2618 0.017857
2619 0.015533
2620 0.091800
2621 0.300000
2622 0.166667
2623 0.200000
2624 0.000000
2625 1.000000
2626 1.000000
2627 0.500000
2628 0.760000
2629 0.900000
2630 1.000000
2631 0.527778
2632 0.722222
2633 0.006944
2634 1.000000
2635 0.041667
2636 0.233333
2637 0.125000
2638 0.050000
2639 0.750000
2640 0.595238
2641 0.446429
2642 0.375000
2643 0.491667
2644 0.137931
2645 0.067568
2646 0.040043
2647 0.385714
2648 0.122857
2649 0.368590
2650 0.347985
2651 0.407407
2652 0.172650
2653 0.500000
2654 0.125000
2655 0.416667
2656 0.500000
2657 0.300000
2658 0.400000
2659 0.125000
2660 0.125000
2661 0.550000
2662 0.321429
2663 0.225000
2664 0.206015
2665 0.677083
2666 0.283810
2667 0.458333
2668 0.295455
2669 0.752381
2670 0.204545
2671 0.230769
2672 0.291746
2673 0.111111
2674 0.050000
2675 0.035714
2676 0.250000
2677 0.375000
2678 0.000000
2679 0.372475
2680 0.263158
2681 0.300000
2682 0.160173
2683 0.343750
2684 0.678571
2685 0.486395
2686 0.509615
2687 0.465909
2688 0.434921
2689 0.496154
2690 0.444444
2691 0.415496
2692 0.208333
2693 0.319658
2694 0.455357
2695 0.186813
2696 0.000000
2697 0.113725
2698 0.181818
2699 0.055556
2700 0.276923
2701 0.344444
2702 0.545455
2703 0.200000
2704 1.000000
2705 0.720000
2706 1.000000
2707 0.277778
2708 0.416667
2709 0.976190
2710 0.750000
2711 0.500000
2712 0.800000
2713 0.750000
2714 0.500000
2715 1.000000
2716 0.250000
2717 0.500000
2718 0.509524
2719 0.555556
2720 0.351852
2721 1.000000
2722 0.285714
2723 0.416667
2724 0.861111
2725 0.625000
2726 0.673469
2727 0.183036
2728 0.215741
2729 0.284034
2730 0.367424
2731 0.272727
2732 0.410000
2733 0.666667
2734 0.666667
2735 0.479365
2736 0.613636
2737 0.777778
2738 0.500000
2739 0.566667
2740 0.604771
2741 0.285714
2742 0.392857
2743 0.666667
2744 0.590625
2745 0.357143
2746 0.333333
2747 0.800000
2748 0.250000
2749 0.071429
2750 0.250000
2751 0.666667
2752 0.666667
2753 0.666667
2754 0.666667
2755 0.555556
2756 0.366667
2757 0.600000
2758 0.750000
2759 0.966667
2760 0.833333
2761 0.944444
2762 0.640000
2763 0.470238
2764 0.500000
2765 0.250000
2766 0.166667
2767 0.286089
2768 0.664524
2769 0.257576
2770 0.887286
2771 0.227273
2772 0.839506
2773 0.616327
2774 0.704762
2775 0.752381
2776 0.964286
2777 0.666667
2778 0.277778
2779 0.523810
2780 0.383929
2781 0.523810
2782 0.266667
2783 0.603175
2784 0.323810
2785 0.083333
2786 0.375000
2787 0.514286
2788 0.444444
2789 0.333333
2790 0.600000
2791 0.625000
2792 0.600000
2793 0.600000
2794 0.066667
2795 0.500000
2796 0.333333
2797 0.208333
2798 0.388889
2799 0.383960
2800 0.321429
2801 0.563636
2802 0.553125
2803 0.600000
2804 0.494444
2805 0.714286
2806 0.331019
2807 0.434921
2808 0.204762
2809 0.026316
2810 0.128571
2811 0.250000
2812 0.424242
2813 0.555556
2814 0.250000
2815 0.416667
2816 0.641266
2817 0.687500
2818 0.520000
2819 0.571429
2820 0.523810
2821 0.733333
2822 0.125000
2823 0.285714
2824 0.416667
2825 0.250000
2826 0.180000
2827 0.116285
2828 0.151434
2829 0.194817
2830 0.230769
2831 0.367965
2832 0.166667
2833 0.250000
2834 0.000000
2835 0.200000
2836 0.066667
2837 0.073913
2838 0.022727
2839 0.038462
2840 0.671429
2841 0.562500
2842 0.142857
2843 0.355556
2844 0.439827
2845 0.659259
2846 1.000000
2847 0.333333
2848 0.406838
2849 0.133333
2850 0.266035
2851 0.170290
2852 0.460440
2853 1.000000
2854 0.142857
2855 0.161765
2856 0.235294
2857 0.477273
2858 0.291667
2859 0.333333
2860 0.360963
2861 1.000000
2862 0.333333
2863 0.400000
2864 0.583333
2865 0.491453
2866 0.566667
2867 0.307692
2868 0.714286
2869 0.601190
2870 0.702857
2871 0.428571
2872 0.541667
2873 0.257143
2874 0.801786
2875 0.833333
2876 1.000000
2877 0.933333
2878 1.000000
2879 0.611111
2880 0.555556
2881 1.000000
2882 0.833333
2883 0.833333
2884 0.444444
2885 1.000000
2886 0.500000
2887 1.000000
2888 0.750000
2889 0.500000
2890 0.500000
2891 0.750000
2892 1.000000
2893 1.000000
2894 1.000000
2895 1.000000
2896 1.000000
2897 0.439631
2898 0.296818
2899 0.412037
2900 0.504692
2901 0.462425
2902 0.600000
2903 0.687500
2904 0.857143
2905 0.800000
2906 0.555556
2907 0.857143
2908 0.500000
2909 0.828125
2910 0.836735
2911 0.845000
2912 0.375000
2913 0.083333
2914 0.555556
2915 0.416667
2916 0.250000
2917 0.250000
2918 0.250000
2919 0.755556
2920 0.833333
2921 0.500000
2922 0.500000
2923 1.000000
2924 0.500000
2925 1.000000
2926 0.750000
2927 0.416667
2928 0.666667
2929 0.500000
2930 0.666667
2931 0.439394
2932 0.370370
2933 0.425099
2934 0.819444
2935 0.448232
2936 0.732143
2937 0.472222
2938 0.692308
2939 0.777778
2940 0.506494
2941 0.359524
2942 0.119048
2943 0.193388
2944 0.102339
2945 0.000000
2946 0.833333
2947 0.714286
2948 0.857143
2949 0.750000
2950 0.714286
2951 0.370370
2952 0.482738
2953 0.450549
2954 0.402500
2955 0.500000
2956 0.333333
2957 0.285714
2958 0.142857
2959 0.500000
2960 0.600000
2961 0.737500
2962 0.500000
2963 0.750000
2964 0.916667
2965 0.500000
2966 0.500000
2967 1.000000
2968 0.666667
2969 0.666667
2970 0.500000
2971 0.250000
2972 0.121212
2973 0.566984
2974 0.275309
2975 0.408333
2976 0.166667
2977 0.437500
2978 0.166667
2979 0.410000
2980 0.200000
2981 0.266667
2982 0.421645
2983 0.502392
2984 0.284795
2985 0.200000
2986 1.000000
2987 1.000000
2988 1.000000
2989 1.000000
2990 0.050000
2991 0.000000
2992 1.000000
2993 1.000000
2994 1.000000
2995 0.324061
2996 0.616667
2997 0.252381
2998 0.154830
2999 0.201531
3000 0.666667
3001 1.000000
3002 0.833333
3003 1.000000
3004 0.862857
3005 0.600000
3006 0.416667
3007 0.400000
3008 0.333333
3009 0.333333
3010 0.500000
3011 0.500000
3012 0.500000
3013 0.500000
3014 0.805556
3015 1.000000
3016 0.942857
3017 1.000000
3018 1.000000
3019 0.000000
3020 1.000000
3021 1.000000
3022 0.558824
3023 0.655556
3024 0.555556
3025 0.675000
3026 0.417634
3027 0.500000
3028 1.000000
3029 0.000000
3030 0.259259
3031 0.220000
3032 0.225108
3033 0.318681
3034 0.533333
3035 0.200000
3036 0.366667
3037 0.533333
3038 0.386667
3039 0.533333
3040 1.000000
3041 1.000000
3042 0.500000
3043 1.000000
3044 0.000000
3045 0.866667
3046 0.538095
3047 0.392708
3048 0.409524
3049 0.208333
3050 0.266667
3051 0.500000
3052 0.225000
3053 0.892857
3054 0.404762
3055 1.000000
3056 0.351852
3057 1.000000
3058 0.833333
3059 0.555556
3060 0.166667
3061 0.250000
3062 0.266667
3063 0.500000
3064 0.777778
3065 0.833333
3066 0.928571
3067 0.875000
3068 0.600000
3069 0.444444
3070 0.335000
3071 0.350000
3072 0.466667
3073 0.439286
3074 0.166222
3075 0.097786
3076 0.171875
3077 0.562500
3078 0.672619
3079 0.800000
3080 0.690476
3081 0.696429
3082 0.296843
3083 0.334707
3084 0.598352
3085 0.523438
3086 1.000000
3087 1.000000
3088 1.000000
3089 1.000000
3090 0.500000
3091 0.500000
3092 0.500000
3093 0.750000
3094 0.666667
3095 0.666667
3096 0.666667
3097 1.000000
3098 1.000000
3099 0.916667
3100 1.000000
3101 1.000000
3102 0.433333
3103 0.550000
3104 1.000000
3105 1.000000
3106 1.000000
3107 1.000000
3108 0.243177
3109 0.155952
3110 0.108333
3111 0.175844
3112 0.722222
3113 0.440000
3114 0.767857
3115 0.300000
3116 0.208815
3117 0.200000
3118 0.305556
3119 0.225000
3120 0.000000
3121 0.555556
3122 1.000000
3123 1.000000
3124 1.000000
3125 0.500000
3126 1.000000
3127 0.500000
3128 0.566667
3129 0.666667
3130 0.900000
3131 0.277778
3132 0.666667
3133 0.500000
3134 0.666667
3135 0.800000
3136 0.950000
3137 1.000000
3138 0.816327
3139 0.633333
3140 0.500000
3141 0.371429
3142 0.733333
3143 0.738095
3144 0.200000
3145 0.213542
3146 0.287500
3147 0.333333
3148 0.322844
3149 0.300000
3150 0.462500
3151 0.430556
3152 0.427808
3153 0.333333
3154 0.833333
3155 0.666667
3156 0.333333
3157 0.666667
3158 0.433333
3159 0.429012
3160 0.300000
3161 0.142857
3162 0.071429
3163 0.323810
3164 0.229167
3165 0.222222
3166 0.285714
3167 1.000000
3168 0.760000
3169 0.396429
3170 0.095238
3171 0.302521
3172 0.666667
3173 0.600000
3174 1.000000
3175 0.538462
3176 0.600000
3177 0.416667
3178 0.555556
3179 0.666667
3180 0.450000
3181 0.866667
3182 0.375000
3183 0.666667
3184 0.500000
3185 0.125000
3186 0.333333
3187 0.416667
3188 0.333333
3189 0.600000
3190 1.000000
3191 0.750000
3192 1.000000
3193 0.360224
3194 0.350000
3195 0.480540
3196 0.427619
3197 0.513889
3198 0.800000
3199 0.666667
3200 0.433333
3201 0.805556
3202 0.900000
3203 0.750000
3204 1.000000
3205 0.266667
3206 0.250000
3207 0.750000
3208 1.000000
3209 1.000000
3210 1.000000
3211 1.000000
3212 0.500000
3213 0.500000
3214 0.500000
3215 0.500000
3216 0.500000
3217 0.500000
3218 1.000000
3219 1.000000
3220 0.500000
3221 0.000000
3222 0.342857
3223 0.573333
3224 0.388542
3225 0.600000
3226 0.410714
3227 0.750000
3228 0.883333
3229 0.885714
3230 0.944444
3231 0.916667
3232 0.280000
3233 0.277778
3234 0.402778
3235 0.502083
3236 0.732143
3237 0.500000
3238 0.800000
3239 0.500000
3240 1.000000
3241 0.666667
3242 0.428571
3243 0.755556
3244 1.000000
3245 1.000000
3246 1.000000
3247 0.833333
3248 0.750000
3249 0.333333
3250 1.000000
3251 0.500000
3252 0.250000
3253 0.486111
3254 0.484416
3255 0.571429
3256 0.396825
3257 0.000000
3258 0.666667
3259 1.000000
3260 0.500000
3261 0.131746
3262 0.648148
3263 0.414141
3264 0.277778
3265 0.066667
3266 0.400000
3267 0.600000
3268 0.566667
3269 0.600000
3270 0.600000
3271 0.500000
3272 0.400000
3273 0.312500
3274 0.500000
3275 0.687500
3276 0.755556
3277 0.500000
3278 0.666667
3279 0.733333
3280 0.500000
3281 0.250000
3282 0.375000
3283 0.000000
3284 1.000000
3285 0.000000
3286 0.437037
3287 0.419643
3288 0.476923
3289 0.397222
3290 0.221354
3291 0.450000
3292 0.232143
3293 0.166667
3294 0.277778
3295 0.187500
3296 0.666667
3297 1.000000
3298 0.836735
3299 0.666667
3300 0.836735
3301 0.166667
3302 0.357443
3303 0.374286
3304 0.500000
3305 0.266667
3306 0.333333
3307 0.250000
3308 0.125000
3309 0.750000
3310 1.000000
3311 0.200000
3312 0.500000
3313 0.666667
3314 0.444444
3315 0.450000
3316 0.472222
3317 0.392857
3318 0.392857
3319 0.166667
3320 0.800000
3321 0.000000
3322 0.333333
3323 0.373898
3324 0.242424
3325 0.255208
3326 0.214286
3327 0.470238
3328 0.380952
3329 0.640000
3330 0.482143
3331 0.425000
3332 0.750000
3333 0.976190
3334 0.375000
3335 0.500000
3336 0.800000
3337 0.000000
3338 0.000000
3339 1.000000
3340 0.250000
3341 0.274306
3342 0.294444
3343 0.142308
3344 0.249524
3345 0.280000
3346 0.351852
3347 0.454770
3348 0.265873
3349 0.881818
3350 0.362745
3351 0.536859
3352 1.000000
3353 1.000000
3354 1.000000
3355 1.000000
3356 0.458333
3357 1.000000
3358 0.673469
3359 0.600000
3360 1.000000
3361 1.000000
3362 1.000000
3363 1.000000
3364 0.666667
3365 1.000000
3366 1.000000
3367 1.000000
3368 0.166667
3369 1.000000
3370 0.666667
3371 0.500000
3372 0.461111
3373 0.566667
3374 0.196296
3375 0.199702
3376 0.040123
3377 0.062500
3378 0.833333
3379 0.000000
3380 0.333333
3381 0.500000
3382 0.146237
3383 0.387879
3384 1.000000
3385 0.377778
3386 0.083333
3387 0.000000
3388 1.000000
3389 1.000000
3390 1.000000
3391 0.249383
3392 0.241667
3393 0.566667
3394 0.620635
3395 0.485714
3396 0.553571
3397 0.673721
3398 0.800000
3399 0.592857
3400 0.750000
3401 0.190476
3402 0.750000
3403 0.833333
3404 0.250000
3405 0.750000
3406 0.250000
3407 0.333333
3408 0.415179
3409 0.400000
3410 0.400000
3411 0.416667
3412 0.283333
3413 0.475000
3414 0.000000
3415 0.166667
3416 0.625000
3417 0.448232
3418 0.523810
3419 0.650794
3420 0.633333
3421 0.916667
3422 0.500000
3423 0.000000
3424 0.833333
3425 0.555556
3426 0.378755
3427 0.250755
3428 0.312865
3429 0.280303
3430 0.242222
3431 0.687500
3432 0.202721
3433 0.120000
3434 0.346154
3435 0.205882
3436 0.345652
3437 0.139062
3438 0.115741
3439 0.262112
3440 0.337316
3441 0.687500
3442 0.687500
3443 0.550000
3444 0.300000
3445 0.564286
3446 0.523810
3447 0.531250
3448 0.528950
3449 0.470588
3450 0.189305
3451 1.000000
3452 1.000000
3453 0.900000
3454 1.000000
3455 1.000000
3456 0.566667
3457 0.319780
3458 0.428922
3459 0.538462
3460 0.183333
3461 0.777778
3462 0.836735
3463 0.875000
3464 0.785989
3465 0.714286
3466 0.514286
3467 0.312500
3468 0.416667
3469 0.446429
3470 0.552910
3471 0.185185
3472 0.537037
3473 0.671429
3474 0.255495
3475 0.833333
3476 0.083333
3477 0.500000
3478 0.905556
3479 0.666667
3480 0.204989
3481 0.350556
3482 0.506237
3483 0.277778
3484 0.527273
3485 0.160000
3486 0.100000
3487 0.540000
3488 0.266667
3489 0.321429
3490 0.276190
3491 0.400000
3492 0.650794
3493 0.483333
3494 0.959375
3495 0.566667
3496 0.000000
3497 0.111111
3498 0.166667
3499 0.377778
3500 0.333333
3501 0.666667
3502 0.500000
3503 1.000000
3504 0.136957
3505 0.015385
3506 0.384322
3507 0.031250
3508 0.051515
3509 0.050000
3510 0.074074
3511 0.083333
3512 0.000000
3513 1.000000
3514 1.000000
3515 1.000000
3516 1.000000
3517 1.000000
3518 1.000000
3519 1.000000
3520 1.000000
3521 1.000000
3522 1.000000
3523 1.000000
3524 1.000000
3525 1.000000
3526 1.000000
3527 1.000000
3528 1.000000
3529 1.000000
3530 0.000000
3531 0.500000
3532 0.500000
3533 0.271816
3534 0.429688
3535 0.357024
3536 0.203704
3537 0.240171
3538 0.154135
3539 0.263702
3540 0.230368
3541 0.404595
3542 0.424242
3543 0.343750
3544 0.584790
3545 0.348958
3546 0.333333
3547 0.250000
3548 0.000000
3549 0.250000
3550 0.000000
3551 1.000000
3552 0.050000
3553 0.273112
3554 0.111111
3555 0.083333
3556 0.105882
3557 0.106122
3558 0.277009
3559 0.143089
3560 0.077381
3561 0.057692
3562 0.069286
3563 0.175439
3564 0.035714
3565 0.000000
3566 0.032967
3567 0.049708
3568 0.195107
3569 0.152991
3570 0.175013
3571 0.064444
3572 0.318681
3573 0.438462
3574 0.357143
3575 0.360639
3576 0.580769
3577 0.000000
3578 0.155556
3579 0.260952
3580 0.118361
3581 0.269972
3582 0.220000
3583 0.180952
3584 0.488095
3585 0.471111
3586 0.428571
3587 0.621164
3588 0.497970
3589 0.615385
3590 0.552083
3591 0.750000
3592 0.125000
3593 1.000000
3594 1.000000
3595 1.000000
3596 0.300000
3597 0.833333
3598 0.500000
3599 0.500000
3600 0.500000
3601 0.500000
3602 0.000000
3603 0.637255
3604 1.000000
3605 1.000000
3606 1.000000
3607 1.000000
3608 0.304444
3609 0.583333
3610 0.527778
3611 0.550000
3612 0.500000
3613 0.500000
3614 0.500000
3615 0.500000
3616 0.750000
3617 0.416667
3618 0.416667
3619 0.188409
3620 0.333333
3621 0.458333
3622 0.101190
3623 0.195804
3624 0.086154
3625 0.500000
3626 0.666667
3627 0.111111
3628 0.222222
3629 0.244234
3630 0.231481
3631 0.600000
3632 0.442708
3633 0.666667
3634 0.300000
3635 0.125000
3636 0.333333
3637 0.108844
3638 0.416667
3639 0.026316
3640 0.053763
3641 0.150000
3642 0.610577
3643 0.169231
3644 0.203704
3645 0.222222
3646 0.921429
3647 0.650000
3648 1.000000
3649 0.760000
3650 0.950000
3651 0.500000
3652 1.000000
3653 1.000000
3654 1.000000
3655 0.000000
3656 1.000000
3657 1.000000
3658 0.234439
3659 0.439717
3660 0.350690
3661 0.347222
3662 0.733333
3663 0.800000
3664 0.500000
3665 0.800000
3666 0.666667
3667 0.211111
3668 0.212121
3669 0.226566
3670 0.246703
3671 0.327160
3672 0.000000
3673 0.176471
3674 0.128571
3675 0.075000
3676 0.125000
3677 1.000000
3678 0.500000
3679 0.051587
3680 1.000000
3681 1.000000
3682 1.000000
3683 1.000000
3684 1.000000
3685 0.500000
3686 1.000000
3687 1.000000
3688 1.000000
3689 0.000000
3690 1.000000
3691 1.000000
3692 1.000000
3693 1.000000
3694 1.000000
3695 1.000000
3696 1.000000
3697 0.178571
3698 1.000000
3699 0.000000
3700 1.000000
3701 1.000000
3702 0.198039
3703 0.204545
3704 0.371212
3705 0.117647
3706 1.000000
3707 1.000000
3708 1.000000
3709 0.000000
3710 0.327381
3711 0.277778
3712 0.186688
3713 0.333333
3714 0.579004
3715 0.747619
3716 0.533333
3717 0.720635
3718 0.037037
3719 0.613095
3720 0.600000
3721 0.380952
3722 0.467949
3723 0.367647
3724 0.323601
3725 0.264418
3726 0.240558
3727 0.272727
3728 0.352558
3729 0.193333
3730 0.214286
3731 0.257985
3732 0.398140
3733 0.257407
3734 0.948052
3735 0.245370
3736 0.509524
3737 0.277778
3738 0.400000
3739 0.811287
3740 0.829545
3741 1.000000
3742 1.000000
3743 0.958333
3744 0.119048
3745 0.333333
3746 0.431250
3747 0.271429
3748 0.333333
3749 0.902778
3750 0.377778
3751 0.300000
3752 0.375000
3753 0.933333
3754 0.609091
3755 0.714286
3756 0.285714
3757 0.333333
3758 0.666667
3759 0.500000
3760 0.500000
3761 0.500000
3762 0.611111
3763 0.333333
3764 0.040000
3765 0.045977
3766 0.220679
3767 0.088927
3768 0.100000
3769 0.025641
3770 0.071429
3771 0.005952
3772 0.687500
3773 0.142857
3774 0.750000
3775 0.200000
3776 0.266667
3777 0.333333
3778 0.157143
3779 0.428571
3780 0.250000
3781 0.689216
3782 0.763889
3783 0.396562
3784 0.430556
3785 0.638889
3786 0.000000
3787 0.000000
3788 0.000000
3789 0.000000
3790 0.000000
3791 0.542857
3792 0.342857
3793 0.366071
3794 0.363636
3795 0.476190
3796 0.136905
3797 0.197840
3798 0.295455
3799 0.314167
3800 0.225806
3801 1.000000
3802 1.000000
3803 0.866667
3804 0.500000
3805 0.151235
3806 0.103730
3807 0.159151
3808 0.577225
3809 0.089606
3810 1.000000
3811 0.500000
3812 0.666667
3813 0.555556
3814 0.600000
3815 1.000000
3816 0.500000
3817 0.633333
3818 0.541667
3819 0.000000
3820 0.448232
3821 0.345238
3822 0.368984
3823 0.678571
3824 0.367647
3825 0.432251
3826 0.310931
3827 0.341176
3828 0.381971
3829 0.360282
3830 0.360982
3831 0.505882
3832 0.427083
3833 0.033333
3834 0.171569
3835 0.210526
3836 0.200980
3837 0.555556
3838 0.666667
3839 1.000000
3840 0.400000
3841 0.166667
3842 0.333333
3843 0.600000
3844 0.600000
3845 0.857143
3846 1.000000
3847 0.666667
3848 1.000000
3849 0.400000
3850 0.416667
3851 0.371429
3852 0.612987
3853 0.500000
3854 0.250000
3855 0.666667
3856 0.500000
3857 0.555556
3858 0.340000
3859 0.333333
3860 1.000000
3861 0.433333
3862 0.830357
3863 0.833333
3864 0.000000
3865 1.000000
3866 0.125000
3867 0.177778
3868 0.329279
3869 0.451488
3870 0.519481
3871 0.343750
3872 0.412245
3873 0.592063
3874 0.338272
3875 0.809091
3876 0.750000
3877 0.606838
3878 0.636364
3879 0.638889
3880 0.464286
3881 0.697917
3882 0.333333
3883 0.666667
3884 1.000000
3885 0.500000
3886 0.477778
3887 0.321429
3888 0.750000
3889 0.641667
3890 0.492500
3891 0.500000
3892 0.732143
3893 0.964286
3894 0.600000
3895 0.828125
3896 0.731169
3897 0.325000
3898 0.310606
3899 0.141677
3900 0.333333
3901 0.500000
3902 0.500000
3903 0.687500
3904 0.270437
3905 0.194444
3906 0.346939
3907 0.223825
3908 0.625000
3909 0.387500
3910 0.497403
3911 0.349436
3912 0.125000
3913 0.625000
3914 0.603175
3915 0.750000
3916 0.645833
3917 0.464286
3918 0.200000
3919 0.902857
3920 1.000000
3921 1.000000
3922 1.000000
3923 0.857143
3924 1.000000
3925 0.333333
3926 0.111111
3927 0.050000
3928 0.666667
3929 1.000000
3930 1.000000
3931 0.666667
3932 0.345061
3933 0.395490
3934 0.354167
3935 0.397368
3936 0.644898
3937 0.830087
3938 0.833333
3939 0.800000
3940 0.585714
3941 0.666667
3942 0.500000
3943 0.666667
3944 0.500000
3945 1.000000
3946 1.000000
3947 1.000000
3948 0.833333
3949 1.000000
3950 0.555556
3951 1.000000
3952 0.500000
3953 0.485714
3954 0.333333
3955 0.821893
3956 0.525510
3957 0.498485
3958 0.510417
3959 0.260417
3960 0.254658
3961 0.194583
3962 0.083333
3963 0.833333
3964 0.555556
3965 0.569444
3966 0.182143
3967 0.208333
3968 0.566667
3969 0.619048
3970 0.416667
3971 0.633333
3972 0.354286
3973 0.428571
3974 0.375000
3975 0.412698
3976 0.650000
3977 0.500000
3978 0.666667
3979 0.433333
3980 0.500000
3981 0.104167
3982 0.190476
3983 0.082347
3984 0.104396
3985 0.339286
3986 0.300000
3987 0.250000
3988 0.200000
3989 0.439394
3990 0.500000
3991 0.375000
3992 0.331868
3993 0.750000
3994 0.666667
3995 0.397222
3996 0.760000
3997 0.833333
3998 0.600000
3999 0.416667
4000 0.857143
4001 0.833333
4002 0.333333
4003 0.500000
4004 0.833333
4005 0.566667
4006 0.583333
4007 0.261905
4008 0.750000
4009 1.000000
4010 0.410714
4011 0.333333
4012 0.433939
4013 0.428571
4014 0.535124
4015 0.250000
4016 0.392857
4017 0.416667
4018 0.297619
4019 0.250000
4020 0.700000
4021 0.444444
4022 0.166667
4023 0.333333
4024 0.375000
4025 0.666667
4026 0.600000
4027 0.666667
4028 0.100000
4029 0.222222
4030 0.142857
4031 0.333333
4032 0.352679
4033 0.800000
4034 0.453373
4035 0.833333
4036 0.450000
4037 0.323810
4038 0.625000
4039 0.639286
4040 0.490741
4041 0.687500
4042 0.226531
4043 0.376543
4044 0.153061
4045 0.500000
4046 0.557143
4047 0.277778
4048 0.690476
4049 0.542857
4050 0.351010
4051 0.142857
4052 0.081818
4053 0.194678
4054 1.000000
4055 0.000000
4056 0.833333
4057 1.000000
4058 1.000000
4059 1.000000
4060 1.000000
4061 1.000000
4062 1.000000
4063 0.666667
4064 1.000000
4065 1.000000
4066 1.000000
4067 1.000000
4068 1.000000
4069 1.000000
4070 1.000000
4071 0.333333
4072 1.000000
4073 1.000000
4074 1.000000
4075 1.000000
4076 1.000000
4077 0.000000
4078 1.000000
4079 0.000000
4080 1.000000
4081 1.000000
4082 1.000000
4083 0.333333
4084 1.000000
4085 1.000000
4086 0.388334
4087 0.378788
4088 0.185507
4089 0.451615
4090 0.265528
4091 0.522727
4092 0.551227
4093 0.216667
4094 1.000000
4095 1.000000
4096 1.000000
4097 1.000000
4098 0.250000
4099 0.083333
4100 0.186869
4101 0.158289
4102 0.480882
4103 0.166667
4104 0.200000
4105 0.391667
4106 0.168919
4107 1.000000
4108 1.000000
4109 1.000000
4110 1.000000
4111 1.000000
4112 1.000000
4113 1.000000
4114 0.423611
4115 0.272727
4116 0.291708
4117 0.461905
4118 0.384673
4119 0.966667
4120 0.885714
4121 0.416667
4122 1.000000
4123 0.966667
4124 1.000000
4125 0.500000
4126 0.537500
4127 0.299320
4128 0.112245
4129 0.092593
4130 0.392857
4131 0.203704
4132 0.483333
4133 0.444444
4134 0.333333
4135 0.666667
4136 0.444444
4137 0.666667
4138 0.285714
4139 0.379630
4140 0.487879
4141 0.494792
4142 0.384524
4143 0.916667
4144 0.833333
4145 0.833333
4146 1.000000
4147 0.833333
4148 0.528571
4149 0.600000
4150 0.506944
4151 0.388889
4152 0.613636
4153 0.100000
4154 0.400000
4155 1.000000
4156 0.750000
4157 0.450000
4158 0.750000
4159 1.000000
4160 1.000000
4161 0.768707
4162 0.333333
4163 0.520000
4164 0.333333
4165 0.250000
4166 0.500000
4167 0.377778
4168 0.166667
4169 1.000000
4170 0.087862
4171 0.391234
4172 0.185714
4173 0.109190
4174 0.397203
4175 0.174825
4176 0.305896
4177 0.235238
4178 0.128571
4179 1.000000
4180 0.186147
4181 0.247596
4182 0.223656
4183 0.285798
4184 0.425926
4185 0.925000
4186 0.788889
4187 0.982143
4188 1.000000
4189 0.763889
4190 0.555556
4191 0.183673
4192 0.520000
4193 0.519160
4194 0.000000
4195 0.466667
4196 1.000000
4197 0.500000
4198 1.000000
4199 0.650000
4200 0.600000
4201 0.520000
4202 0.458333
4203 0.625000
4204 0.200000
4205 0.571429
4206 0.809091
4207 0.616327
4208 0.493333
4209 0.571429
4210 0.400000
4211 0.400000
4212 0.250000
4213 0.285714
4214 0.750952
4215 0.297203
4216 0.262245
4217 1.000000
4218 1.000000
4219 0.833333
4220 0.875000
4221 1.000000
4222 1.000000
4223 1.000000
4224 1.000000
4225 1.000000
4226 1.000000
4227 0.158333
4228 0.339286
4229 0.230159
4230 0.083333
4231 0.234218
4232 0.229167
4233 0.148214
4234 0.136364
4235 1.000000
4236 1.000000
4237 0.179487
4238 0.500000
4239 0.306220
4240 0.339683
4241 0.333333
4242 0.333333
4243 0.000000
4244 0.250000
4245 0.366667
4246 0.175000
4247 0.340278
4248 0.277778
4249 0.125000
4250 0.433333
4251 0.500000
4252 0.805556
4253 0.750000
4254 0.666667
4255 0.662500
4256 0.095344
4257 0.050325
4258 0.227976
4259 0.300000
4260 0.833333
4261 0.946429
4262 0.777778
4263 0.222222
4264 0.125000
4265 0.700000
4266 1.000000
4267 0.083333
4268 0.250000
4269 0.261905
4270 0.250000
4271 0.322222
4272 0.200000
4273 0.942857
4274 0.760000
4275 0.600000
4276 1.000000
4277 0.690476
4278 0.493939
4279 0.200000
4280 0.333333
4281 0.666667
4282 0.666667
4283 1.000000
4284 1.000000
4285 0.500000
4286 0.100000
4287 0.307407
4288 0.309524
4289 0.500000
4290 0.305556
4291 0.015873
4292 0.395833
4293 0.800000
4294 0.333333
4295 0.550000
4296 0.760000
4297 0.833333
4298 0.666667
4299 0.166667
4300 0.444444
4301 0.800000
4302 0.800000
4303 0.714286
4304 0.800000
4305 0.833333
4306 0.666667
4307 0.427083
4308 0.377778
4309 0.400000
4310 0.360000
4311 0.555556
4312 0.513149
4313 0.291818
4314 0.428571
4315 0.700000
4316 0.333333
4317 0.475000
4318 0.510204
4319 0.333333
4320 1.000000
4321 0.333333
4322 0.267081
4323 0.194712
4324 0.208333
4325 0.050926
4326 0.088095
4327 0.517857
4328 1.000000
4329 0.534722
4330 0.633333
4331 0.800000
4332 0.333333
4333 0.166667
4334 0.666667
4335 0.500000
4336 0.500000
4337 0.555556
4338 0.400000
4339 0.555556
4340 1.000000
4341 0.800000
4342 0.333333
4343 0.500000
4344 0.333333
4345 0.400000
4346 0.416667
4347 0.312500
4348 0.437500
4349 0.597866
4350 0.327273
4351 0.666667
4352 0.875000
4353 0.571429
4354 0.833333
4355 0.750000
4356 0.372222
4357 0.833333
4358 0.800000
4359 0.382828
4360 0.714286
4361 0.578125
4362 0.542857
4363 0.481481
4364 0.518939
4365 0.500000
4366 0.250000
4367 0.100000
4368 0.453125
4369 0.507576
4370 0.451852
4371 0.750000
4372 0.777778
4373 0.502005
4374 1.000000
4375 0.248120
4376 0.766667
4377 0.315000
4378 0.547619
4379 0.444444
4380 0.338462
4381 0.500000
4382 0.275132
4383 0.445455
4384 0.409091
4385 1.000000
4386 1.000000
4387 1.000000
4388 1.000000
4389 1.000000
4390 0.190476
4391 0.625000
4392 0.425000
4393 0.400000
4394 0.916667
4395 0.292308
4396 0.257143
4397 0.500000
4398 0.250000
4399 0.000000
4400 0.333333
4401 0.916667
4402 0.690476
4403 0.850000
4404 0.283333
4405 0.976190
4406 0.857143
4407 0.143750
4408 0.211538
4409 0.375000
4410 0.197917
4411 0.416667
4412 0.250000
4413 0.750000
4414 0.333333
4415 0.111111
4416 0.371429
4417 0.500000
4418 0.250000
4419 0.400000
4420 0.400000
4421 0.555901
4422 0.541958
4423 0.543874
4424 1.000000
4425 0.513889
4426 0.419048
4427 0.334751
4428 0.413265
4429 0.714286
4430 0.222222
4431 0.333333
4432 0.000000
4433 0.555556
4434 0.666667
4435 0.760000
4436 0.375000
4437 0.571429
4438 1.000000
4439 0.700000
4440 1.000000
4441 0.833333
4442 0.500000
4443 0.916667
4444 0.000000
4445 1.000000
4446 0.125000
4447 0.500000
4448 0.416667
4449 0.340476
4450 0.000000
4451 0.875000
4452 0.333333
4453 0.250000
4454 1.000000
4455 1.000000
4456 1.000000
4457 1.000000
4458 1.000000
4459 1.000000
4460 1.000000
4461 1.000000
4462 1.000000
4463 1.000000
4464 1.000000
4465 1.000000
4466 0.422222
4467 0.500000
4468 0.428571
4469 0.666667
4470 0.562500
4471 1.000000
4472 1.000000
4473 1.000000
4474 1.000000
4475 1.000000
4476 0.550000
4477 0.666667
4478 1.000000
4479 1.000000
4480 0.588319
4481 0.428571
4482 0.380952
4483 0.418367
4484 0.307692
4485 0.373864
4486 0.968254
4487 0.600000
4488 0.836735
4489 0.753086
4490 0.833333
4491 0.752381
4492 0.722222
4493 1.000000
4494 1.000000
4495 1.000000
4496 1.000000
4497 0.892857
4498 0.571429
4499 0.750000
4500 0.333333
4501 0.307407
4502 0.350000
4503 1.000000
4504 0.423280
4505 0.295483
4506 0.255838
4507 0.115801
4508 0.250000
4509 0.458333
4510 0.083333
4511 0.276398
4512 0.159091
4513 0.166667
4514 0.080247
4515 0.431429
4516 0.128571
4517 0.243419
4518 0.571429
4519 0.555556
4520 0.760000
4521 0.808333
4522 0.589286
4523 0.603175
4524 0.500000
4525 0.750000
4526 0.666667
4527 0.583333
4528 0.613636
4529 0.717172
4530 0.422222
4531 0.833333
4532 0.392857
4533 0.750000
4534 0.300000
4535 0.600000
4536 0.030303
4537 0.071429
4538 0.062500
4539 0.500000
4540 1.000000
4541 0.628333
4542 0.369665
4543 0.316667
4544 0.560897
4545 0.580882
4546 0.531385
4547 0.383796
4548 0.165498
4549 0.262846
4550 0.366667
4551 0.145503
4552 0.136842
4553 0.204545
4554 0.416667
4555 0.525926
4556 0.225000
4557 0.506786
4558 1.000000
4559 1.000000
4560 1.000000
4561 1.000000
4562 1.000000
4563 1.000000
4564 1.000000
4565 1.000000
4566 0.500000
4567 0.400000
4568 1.000000
4569 0.000000
4570 1.000000
4571 1.000000
4572 1.000000
4573 1.000000
4574 1.000000
4575 0.333333
4576 0.773760
4577 1.000000
4578 0.435855
4579 0.875000
4580 0.545455
4581 0.133838
4582 0.461538
4583 0.319318
4584 0.422222
4585 0.214286
4586 0.285714
4587 0.333333
4588 0.500000
4589 0.276786
4590 0.451429
4591 0.800000
4592 0.416667
4593 0.307692
4594 0.479167
4595 0.444444
4596 0.422222
4597 0.750000
4598 1.000000
4599 1.000000
4600 1.000000
4601 0.197222
4602 0.696429
4603 0.395833
4604 0.279464
4605 0.413333
4606 1.000000
4607 1.000000
4608 1.000000
4609 1.000000
4610 0.500000
4611 0.277778
4612 0.500000
4613 0.666667
4614 0.083333
4615 0.111111
4616 0.555556
4617 0.272727
4618 0.916667
4619 0.391941
4620 0.307353
4621 0.297619
4622 0.525000
4623 0.700000
4624 0.511338
4625 0.470588
4626 0.492424
4627 0.526627
4628 0.583333
4629 0.371521
4630 0.642857
4631 0.714286
4632 0.550000
4633 0.833333
4634 0.800000
4635 0.833333
4636 0.800000
4637 0.619048
4638 0.666667
4639 0.700000
4640 0.166667
4641 0.000000
4642 0.200000
4643 0.000000
4644 0.733796
4645 0.354167
4646 0.333333
4647 0.836735
4648 0.750000
4649 0.875000
4650 0.250000
4651 0.555556
4652 0.000000
4653 0.566667
4654 0.222222
4655 0.542857
4656 0.385714
4657 0.261161
4658 0.362925
4659 0.208547
4660 0.731538
4661 1.000000
4662 0.333333
4663 0.800000
4664 0.714286
4665 0.833333
4666 1.000000
4667 1.000000
4668 1.000000
4669 1.000000
4670 1.000000
4671 1.000000
4672 0.350000
4673 0.750000
4674 0.500000
4675 1.000000
4676 1.000000
4677 0.250000
4678 0.476217
4679 0.345052
4680 0.364005
4681 0.537037
4682 0.250000
4683 0.833333
4684 0.323232
4685 0.650794
4686 0.800000
4687 0.600000
4688 0.633333
4689 0.333333
4690 0.650794
4691 0.633333
4692 0.300000
4693 0.214286
4694 0.125000
4695 0.450000
4696 0.375000
4697 0.266667
4698 0.222222
4699 0.281250
4700 0.275000
4701 0.510417
4702 1.000000
4703 1.000000
4704 1.000000
4705 0.333333
4706 0.500000
4707 0.000000
4708 1.000000
4709 0.000000
4710 0.411765
4711 0.396825
4712 0.123377
4713 0.181818
4714 1.000000
4715 0.680000
4716 0.714286
4717 0.692593
4718 0.533333
4719 0.518519
4720 0.625000
4721 0.750000
4722 0.888889
4723 0.527019
4724 0.550000
4725 0.380000
4726 0.277311
4727 0.562500
4728 0.500000
4729 0.416667
4730 0.604167
4731 0.195833
4732 0.241288
4733 0.536565
4734 0.353571
4735 0.440837
4736 0.289352
4737 0.569048
4738 0.613636
4739 0.383193
4740 0.566667
4741 0.697811
4742 0.589286
4743 0.716667
4744 0.066667
4745 0.053763
4746 0.031469
4747 0.214236
4748 0.359890
4749 0.170833
4750 1.000000
4751 0.375000
4752 0.066667
4753 0.290123
4754 0.378022
4755 0.550000
4756 0.566667
4757 0.460000
4758 0.566667
4759 0.595238
4760 0.333333
4761 0.166667
4762 0.250000
4763 0.208333
4764 0.250000
4765 0.100000
4766 0.352381
4767 0.452381
4768 0.346753
4769 0.801653
4770 0.750000
4771 0.500000
4772 0.250000
4773 0.800000
4774 0.423077
4775 0.132026
4776 0.500000
4777 0.096154
4778 0.150000
4779 0.153409
4780 0.355769
4781 0.186275
4782 0.256410
4783 0.450000
4784 0.188889
4785 0.417592
4786 0.625460
4787 0.333333
4788 0.528007
4789 0.572565
4790 0.500000
4791 0.500000
4792 0.750000
4793 0.500000
4794 0.451791
4795 0.519481
4796 0.197775
4797 0.183333
4798 0.425926
4799 0.266048
4800 0.445652
4801 0.456349
4802 0.357639
4803 0.265152
4804 0.406832
4805 0.500000
4806 1.000000
4807 0.833333
4808 0.833333
4809 0.666667
4810 1.000000
4811 1.000000
4812 0.402778
4813 0.266106
4814 0.282407
4815 0.276812
4816 0.269697
4817 0.000000
4818 0.602273
4819 0.127273
4820 1.000000
4821 0.562500
4822 0.637500
4823 0.301948
4824 0.800000
4825 0.419414
4826 0.345238
4827 0.601190
4828 0.500000
4829 0.707071
4830 0.750000
4831 0.625000
4832 0.333333
4833 0.277778
4834 0.770833
4835 0.125000
4836 0.533333
4837 0.719048
4838 0.500000
4839 0.333333
4840 0.600000
4841 0.333333
4842 0.500000
4843 0.000000
4844 0.666667
4845 0.500000
4846 0.541667
4847 0.318182
4848 0.340399
4849 0.461445
4850 0.386816
4851 0.578989
4852 0.166667
4853 0.966667
4854 0.241667
4855 0.484163
4856 0.237500
4857 0.125000
4858 0.250000
4859 0.138889
4860 0.375000
4861 0.476733
4862 0.327899
4863 0.206061
4864 0.836735
4865 0.333333
4866 0.333333
4867 0.500000
4868 0.233333
4869 0.166667
4870 0.083333
4871 0.000000
4872 0.100000
4873 0.555556
4874 0.636364
4875 0.750000
4876 0.630769
4877 0.615385
4878 0.645105
4879 0.472222
4880 0.379167
4881 0.380000
4882 0.214286
4883 0.300000
4884 0.750000
4885 0.407407
4886 0.312500
4887 0.248447
4888 0.133333
4889 1.000000
4890 0.687500
4891 0.833333
4892 0.785714
4893 0.792857
4894 0.333333
4895 0.322222
4896 0.250000
4897 0.571429
4898 0.500000
4899 0.386667
4900 0.833333
4901 0.500000
4902 0.800000
4903 1.000000
4904 0.680000
4905 0.777778
4906 0.416667
4907 0.200000
4908 0.405828
4909 0.277778
4910 0.614262
4911 0.142857
4912 0.333333
4913 0.000000
4914 0.000000
4915 0.000000
4916 0.190476
4917 0.721154
4918 0.407407
4919 0.238095
4920 0.577201
4921 0.690476
4922 0.450000
4923 0.722222
4924 0.721340
4925 0.471429
4926 0.444444
4927 0.604167
4928 0.522222
4929 0.351190
4930 1.000000
4931 0.416667
4932 0.377778
4933 0.416667
4934 0.428571
4935 0.168044
4936 0.000000
4937 0.333333
4938 0.666667
4939 0.000000
4940 0.333333
4941 0.250000
4942 0.250000
4943 0.333333
4944 0.000000
4945 1.000000
4946 0.800000
4947 1.000000
4948 0.836735
4949 0.500000
4950 0.348878
4951 0.379870
4952 0.444444
4953 0.264198
4954 0.781250
4955 0.750000
4956 0.818182
4957 0.565122
4958 1.000000
4959 0.595238
4960 0.714286
4961 1.000000
4962 0.514286
4963 0.192308
4964 0.727891
4965 0.266968
4966 0.380000
4967 0.338889
4968 0.666667
4969 0.400000
4970 0.458333
4971 0.500000
4972 0.160000
4973 0.111111
4974 0.300000
4975 0.281481
4976 0.466667
4977 0.098039
4978 0.484776
4979 0.245082
4980 0.339286
4981 0.407407
4982 0.333333
4983 0.250000
4984 0.475000
4985 0.376190
4986 0.175824
4987 0.316667
4988 0.566667
4989 0.539931
4990 0.200000
4991 0.600000
4992 0.760000
4993 0.750000
4994 0.400000
4995 0.633333
4996 0.400000
4997 0.750000
4998 0.600000
4999 0.916667
5000 0.833333
5001 0.194358
5002 0.121972
5003 0.240079
5004 0.231034
5005 0.221429
5006 0.590774
5007 0.572697
5008 0.597917
5009 0.500000
5010 0.564815
5011 0.351190
5012 0.404762
5013 0.261905
5014 0.138889
5015 0.371429
5016 0.322222
5017 0.497460
5018 0.333333
5019 0.361111
5020 0.369270
5021 0.571429
5022 0.638889
5023 0.444444
5024 0.500000
5025 0.392857
5026 0.316667
5027 0.280000
5028 0.321429
5029 0.666667
5030 0.255952
5031 0.833333
5032 0.545455
5033 0.833333
5034 0.664935
5035 1.000000
5036 0.666667
5037 0.500000
5038 0.500000
5039 0.500000
5040 0.500000
5041 0.500000
5042 0.333333
5043 0.666667
5044 0.333333
5045 1.000000
5046 1.000000
5047 1.000000
5048 1.000000
5049 1.000000
5050 0.666667
5051 0.500000
5052 0.833333
5053 0.000000
5054 1.000000
5055 1.000000
5056 1.000000
5057 1.000000
5058 1.000000
5059 1.000000
5060 1.000000
5061 0.141126
5062 0.293386
5063 1.000000
5064 1.000000
5065 1.000000
5066 0.228560
5067 0.200000
5068 0.181726
5069 0.208480
5070 0.365476
5071 1.000000
5072 1.000000
5073 1.000000
5074 1.000000
5075 1.000000
5076 0.441667
5077 0.294372
5078 0.072464
5079 0.821429
5080 0.805556
5081 0.339286
5082 0.514286
5083 0.305556
5084 0.720000
5085 0.555556
5086 0.333333
5087 0.291608
5088 0.408000
5089 0.397506
5090 0.464286
5091 0.223214
5092 0.500000
5093 0.400000
5094 0.720000
5095 0.966667
5096 0.850000
5097 0.833333
5098 0.933333
5099 0.800000
5100 0.800000
5101 0.566667
5102 0.500000
5103 0.595238
5104 0.666667
5105 0.500000
5106 0.777778
5107 0.777778
5108 1.000000
5109 0.650000
5110 0.650000
5111 0.682595
5112 1.000000
5113 0.528125
5114 0.462722
5115 0.557143
5116 0.377778
5117 0.687500
5118 0.611111
5119 0.187500
5120 0.253968
5121 0.125000
5122 0.471665
5123 1.000000
5124 0.104167
5125 0.366667
5126 0.401425
5127 0.413013
5128 0.344099
5129 0.236232
5130 0.192727
5131 0.318681
5132 0.580808
5133 0.616162
5134 0.402778
5135 0.533333
5136 0.750000
5137 0.777778
5138 0.766071
5139 0.380952
5140 0.250000
5141 0.111111
5142 0.666667
5143 0.666667
5144 0.500000
5145 0.555556
5146 0.500000
5147 0.500000
5148 0.666667
5149 0.600000
5150 0.687500
5151 0.296296
5152 0.454545
5153 0.137500
5154 0.123810
5155 0.950284
5156 0.711111
5157 1.000000
5158 0.966667
5159 0.500000
5160 0.555556
5161 0.375000
5162 0.523810
5163 0.450000
5164 0.133237
5165 0.230178
5166 0.120000
5167 0.137918
5168 0.105590
5169 0.511429
5170 0.363725
5171 0.476097
5172 0.342951
5173 0.604167
5174 0.266667
5175 0.458333
5176 0.200000
5177 0.333333
5178 0.651948
5179 0.475000
5180 0.800000
5181 0.676923
5182 0.633333
5183 0.166667
5184 0.600000
5185 0.208333
5186 0.550000
5187 0.291667
5188 0.376190
5189 0.000000
5190 0.000000
5191 0.000000
5192 0.000000
5193 0.333333
5194 0.371032
5195 0.632659
5196 0.400855
5197 0.321429
5198 0.250000
5199 0.541005
5200 0.169231
5201 0.587963
5202 0.349020
5203 0.224188
5204 0.857143
5205 0.482143
5206 0.325000
5207 0.444444
5208 0.500000
5209 0.454545
5210 1.000000
5211 0.636364
5212 0.700000
5213 0.677083
5214 0.666667
5215 0.750000
5216 0.333333
5217 0.333333
5218 0.200000
5219 0.142857
5220 0.607143
5221 0.333333
5222 0.200000
5223 0.589286
5224 0.500000
5225 0.194444
5226 0.000000
5227 0.543750
5228 0.548241
5229 0.293395
5230 0.260541
5231 0.219444
5232 1.000000
5233 0.444444
5234 0.468750
5235 0.333333
5236 1.000000
5237 0.450000
5238 0.100000
5239 0.800000
5240 0.285088
5241 0.230415
5242 0.466667
5243 0.357143
5244 0.213097
5245 0.336601
5246 0.475142
5247 0.451852
5248 0.363636
5249 0.750000
5250 0.625000
5251 0.777778
5252 0.531250
5253 0.500000
5254 0.571429
5255 1.000000
5256 0.600000
5257 0.600000
5258 0.750000
5259 0.395833
5260 0.587500
5261 0.520833
5262 0.666667
5263 0.226667
5264 0.045455
5265 0.039352
5266 0.166667
5267 0.773810
5268 0.555556
5269 1.000000
5270 1.000000
5271 1.000000
5272 1.000000
5273 0.750000
5274 0.666667
5275 0.666667
5276 0.687500
5277 0.192308
5278 0.214405
5279 0.491228
5280 0.320528
5281 0.262755
5282 1.000000
5283 1.000000
5284 1.000000
5285 1.000000
5286 1.000000
5287 1.000000
5288 1.000000
5289 1.000000
5290 0.500000
5291 1.000000
5292 1.000000
5293 1.000000
5294 1.000000
5295 1.000000
5296 1.000000
5297 0.500000
5298 1.000000
5299 0.000000
5300 0.274306
5301 0.416667
5302 0.625000
5303 0.714286
5304 0.694218
5305 1.000000
5306 1.000000
5307 1.000000
5308 0.500000
5309 0.500000
5310 0.000000
5311 0.500000
5312 0.500000
5313 1.000000
5314 1.000000
5315 0.916667
5316 1.000000
5317 1.000000
5318 1.000000
5319 0.250000
5320 1.000000
5321 1.000000
5322 1.000000
5323 0.333333
5324 1.000000
5325 0.333333
5326 0.600000
5327 0.666667
5328 0.600000
5329 0.500000
5330 0.261364
5331 0.678571
5332 0.235409
5333 0.375000
5334 0.601852
5335 1.000000
5336 0.500000
5337 1.000000
5338 0.625000
5339 0.250000
5340 0.500000
5341 0.428571
5342 0.428571
5343 0.377778
5344 0.633333
5345 1.000000
5346 0.690476
5347 0.726190
5348 0.600000
5349 0.345181
5350 0.252778
5351 0.268519
5352 0.253044
5353 0.415877
5354 0.431818
5355 0.673469
5356 0.277778
5357 0.900000
5358 0.933333
5359 0.200000
5360 0.377778
5361 0.286247
5362 0.340545
5363 0.290110
5364 0.500000
5365 0.550000
5366 0.500000
5367 0.433333
5368 0.250000
5369 0.222222
5370 0.500000
5371 0.393750
5372 0.681891
5373 0.621753
5374 0.218519
5375 0.458333
5376 0.611111
5377 0.854167
5378 0.916667
5379 0.666667
5380 0.375000
5381 0.379630
5382 0.307143
5383 0.430357
5384 0.264751
5385 0.167813
5386 0.186667
5387 0.278986
5388 0.181680
5389 0.195998
5390 0.378571
5391 0.565476
5392 0.250000
5393 0.476190
5394 0.047619
5395 0.500000
5396 0.419753
5397 0.580769
5398 0.276923
5399 0.341373
5400 0.592857
5401 0.522727
5402 0.666667
5403 0.440476
5404 0.636364
5405 0.238112
5406 0.633333
5407 0.255411
5408 0.589286
5409 0.333333
5410 0.087709
5411 0.086207
5412 0.073529
5413 0.167708
5414 0.132353
5415 0.144444
5416 0.062500
5417 0.022222
5418 0.916667
5419 1.000000
5420 0.566667
5421 0.750000
5422 1.000000
5423 0.650000
5424 0.312500
5425 0.222222
5426 0.222222
5427 0.166667
5428 0.300000
5429 0.305556
5430 0.250000
5431 0.316845
5432 0.493386
5433 0.593914
5434 0.417143
5435 0.788889
5436 0.689594
5437 0.966667
5438 0.755556
5439 0.510204
5440 0.933333
5441 1.000000
5442 1.000000
5443 0.800000
5444 0.966667
5445 0.800000
5446 0.500000
5447 0.500000
5448 0.800000
5449 0.500000
5450 0.666667
5451 0.000000
5452 0.500000
5453 0.500000
5454 0.000000
5455 0.833333
5456 0.833333
5457 0.479365
5458 0.500000
5459 0.666667
5460 0.300000
5461 0.862857
5462 0.142857
5463 0.300000
5464 0.392857
5465 0.500000
5466 0.237834
5467 0.222222
5468 0.500000
5469 0.300000
5470 0.250000
5471 0.333333
5472 1.000000
5473 1.000000
5474 0.566667
5475 0.666667
5476 0.714286
5477 1.000000
5478 1.000000
5479 0.643939
5480 0.603175
5481 0.737557
5482 0.411429
5483 0.357143
5484 1.000000
5485 0.377778
5486 0.500000
5487 0.500000
5488 0.333333
5489 0.050714
5490 0.125000
5491 0.076923
5492 0.083333
5493 0.076923
5494 0.063158
5495 0.076923
5496 0.136364
5497 0.047619
5498 0.467493
5499 0.538462
5500 0.604412
5501 0.437143
5502 0.283333
5503 1.000000
5504 1.000000
5505 1.000000
5506 0.041667
5507 0.060000
5508 0.500000
5509 1.000000
5510 1.000000
5511 1.000000
5512 0.333333
5513 0.976190
5514 0.666667
5515 0.357143
5516 0.583333
5517 0.000000
5518 1.000000
5519 1.000000
5520 0.295833
5521 0.206729
5522 0.297287
5523 0.304674
5524 0.232937
5525 0.221660
5526 0.485963
5527 0.310317
5528 0.322511
5529 0.391111
5530 0.765625
5531 1.000000
5532 0.600000
5533 0.566667
5534 0.666667
5535 0.492064
5536 0.187500
5537 0.625000
5538 0.800000
5539 0.750000
5540 1.000000
5541 1.000000
5542 1.000000
5543 nan
5544 nan
5545 0.125000
5546 0.266667
5547 0.666667
5548 0.416667
5549 0.125000
5550 0.600000
5551 0.666667
5552 0.238095
5553 0.363409
5554 0.613636
5555 0.384127
5556 0.383838
5557 0.439394
5558 0.538095
5559 0.588287
5560 0.580579
5561 0.238889
5562 0.833333
5563 0.697917
5564 0.657143
5565 0.857143
5566 0.833333
5567 0.225000
5568 1.000000
5569 0.892857
5570 0.687500
5571 0.500000
5572 1.000000
5573 0.333333
5574 0.250000
5575 0.424802
5576 0.104167
5577 0.315296
5578 0.418803
5579 1.000000
5580 1.000000
5581 1.000000
5582 0.000000
5583 0.000000
5584 1.000000
5585 0.000000
5586 1.000000
5587 0.666667
5588 0.277778
5589 0.500000
5590 0.416667
5591 0.377778
5592 0.857143
5593 0.166667
5594 0.718750
5595 0.857143
5596 0.566667
5597 0.666667
5598 0.750000
5599 1.000000
5600 1.000000
5601 1.000000
5602 1.000000
5603 1.000000
5604 0.596429
5605 0.227273
5606 0.261161
5607 0.374107
5608 0.153846
5609 0.135468
5610 0.277778
5611 0.203704
5612 0.256448
5613 0.500000
5614 0.363636
5615 0.148148
5616 0.185185
5617 0.341667
5618 0.658730
5619 0.539971
5620 0.555556
5621 0.633333
5622 0.564815
5623 0.750000
5624 0.680000
5625 1.000000
5626 1.000000
5627 0.333333
5628 0.500000
5629 0.357143
5630 1.000000
5631 0.666667
5632 0.660714
5633 0.687500
5634 0.714286
5635 1.000000
5636 0.500000
5637 1.000000
5638 0.490843
5639 0.259549
5640 0.625000
5641 0.272959
5642 0.513889
5643 0.250000
5644 0.360317
5645 0.423611
5646 0.642857
5647 0.619048
5648 0.452381
5649 0.250000
5650 0.750000
5651 0.333333
5652 0.000000
5653 0.166667
5654 0.239332
5655 0.194444
5656 0.327273
5657 0.022222
5658 0.190476
5659 0.137037
5660 0.571429
5661 0.229167
5662 0.244444
5663 0.198413
5664 0.857143
5665 0.750000
5666 0.669173
5667 0.333333
5668 0.464286
5669 0.875000
5670 0.976190
5671 0.750000
5672 0.800000
5673 0.169643
5674 1.000000
5675 0.760000
5676 0.625000
5677 0.285714
5678 0.020000
5679 0.116883
5680 0.466667
5681 0.433333
5682 0.316667
5683 0.298262
5684 0.375000
5685 0.233673
5686 0.161111
5687 1.000000
5688 1.000000
5689 1.000000
5690 1.000000
5691 0.500000
5692 1.000000
5693 1.000000
5694 0.000000
5695 1.000000
5696 1.000000
5697 0.000000
5698 0.500000
5699 1.000000
5700 0.666667
5701 0.500000
5702 0.800000
5703 0.333333
5704 0.750000
5705 0.750000
5706 0.142857
5707 0.244571
5708 0.055238
5709 0.215636
5710 0.400000
5711 0.428571
5712 0.181818
5713 0.375000
5714 0.206061
5715 0.500000
5716 0.185185
5717 0.274074
5718 0.274286
5719 0.500000
5720 0.322857
5721 0.186898
5722 0.488294
5723 0.857143
5724 0.672840
5725 0.473485
5726 0.259259
5727 0.437025
5728 0.500000
5729 0.555556
5730 0.666667
5731 0.500000
5732 0.250000
5733 0.833333
5734 1.000000
5735 1.000000
5736 0.200000
5737 0.152728
5738 0.320180
5739 0.315048
5740 0.278553
5741 0.169956
5742 0.217262
5743 0.180590
5744 0.130833
5745 0.400000
5746 0.446154
5747 0.857143
5748 0.510256
5749 0.433503
5750 0.066667
5751 0.179434
5752 0.505411
5753 0.685714
5754 0.514286
5755 0.163462
5756 0.350744
5757 0.215686
5758 0.222222
5759 0.666667
5760 0.666667
5761 0.500000
5762 0.600000
5763 0.250000
5764 0.555556
5765 0.404762
5766 0.666667
5767 0.750000
5768 0.745397
5769 0.599567
5770 0.902857
5771 0.885714
5772 0.433333
5773 0.156250
5774 0.257143
5775 0.288889
5776 0.650794
5777 0.469006
5778 0.395937
5779 0.413792
5780 0.406481
5781 0.457692
5782 1.000000
5783 1.000000
5784 0.571429
5785 0.375000
5786 0.500000
5787 0.000000
5788 0.500000
5789 0.611111
5790 0.687500
5791 0.785714
5792 0.220779
5793 1.000000
5794 1.000000
5795 1.000000
5796 0.500000
5797 1.000000
5798 0.500000
5799 0.083333
5800 0.000000
5801 0.000000
5802 0.750000
5803 1.000000
5804 0.666667
5805 1.000000
5806 0.750000
5807 0.285714
5808 0.264001
5809 0.370000
5810 0.215179
5811 0.483333
5812 0.040000
5813 0.420979
5814 0.371429
5815 0.333333
5816 0.485714
5817 0.555556
5818 0.650000
5819 0.247619
5820 0.035714
5821 0.155556
5822 0.416667
5823 0.000000
5824 0.833333
5825 0.800000
5826 0.833333
5827 0.433333
5828 0.666667
5829 1.000000
5830 0.153605
5831 0.209184
5832 0.137931
5833 0.101852
5834 0.422222
5835 0.603175
5836 0.322078
5837 0.833333
5838 0.556953
5839 0.311429
5840 0.666667
5841 0.900000
5842 0.088889
5843 0.283333
5844 0.736111
5845 0.333333
5846 0.000000
5847 0.750000
5848 0.483333
5849 0.606838
5850 0.038462
5851 0.000000
5852 0.152778
5853 0.634286
5854 0.343750
5855 0.425000
5856 0.226667
5857 0.458333
5858 0.453333
5859 0.520000
5860 0.925000
5861 0.431818
5862 0.916667
5863 0.333333
5864 0.166667
5865 0.500000
5866 0.250000
5867 0.333333
5868 0.333333
5869 0.625000
5870 0.343750
5871 0.650000
5872 0.568452
5873 0.620130
5874 0.289683
5875 0.414286
5876 0.665018
5877 0.402778
5878 0.102564
5879 0.371429
5880 0.125000
5881 0.509615
5882 0.666667
5883 1.000000
5884 0.333333
5885 0.976190
5886 0.805556
5887 0.380952
5888 0.750000
5889 0.633333
5890 0.631313
5891 0.419048
5892 0.409091
5893 0.646004
5894 0.285714
5895 0.333333
5896 0.371429
5897 0.440476
5898 0.600000
5899 0.364091
5900 0.560070
5901 0.434809
5902 0.701042
5903 0.369963
5904 0.416667
5905 0.566667
5906 0.166667
5907 0.644898
5908 0.366667
5909 0.375000
5910 0.750000
5911 0.476190
5912 0.200000
5913 0.625000
5914 0.475000
5915 0.272727
5916 0.480519
5917 0.644048
5918 0.571429
5919 0.452778
5920 0.250000
5921 0.243056
5922 0.321429
5923 0.281250
5924 0.378788
5925 0.555556
5926 0.475000
5927 0.555556
5928 0.333333
5929 0.555556
5930 0.333333
5931 0.291228
5932 0.231534
5933 0.216149
5934 0.169841
5935 0.230769
5936 0.328309
5937 0.324173
5938 0.125345
5939 0.467205
5940 0.438196
5941 0.515152
5942 0.111111
5943 0.355844
5944 0.166667
5945 0.666667
5946 0.220588
5947 0.223214
5948 0.281905
5949 0.288235
5950 0.000000
5951 0.037037
5952 0.277778
5953 0.625000
5954 0.750000
5955 0.687500
5956 0.125000
5957 0.500000
5958 0.650794
5959 0.500000
5960 0.416667
5961 0.500000
5962 0.333333
5963 0.380000
5964 0.500000
5965 0.062500
5966 0.000000
5967 0.500000
5968 0.378788
5969 0.321946
5970 0.583333
5971 0.466667
5972 0.569792
5973 0.625000
5974 0.428571
5975 0.565079
5976 0.619048
5977 0.271111
5978 0.750000
5979 0.721340
5980 0.537037
5981 0.380952
5982 0.625000
5983 0.274892
5984 0.000000
5985 0.614286
5986 0.775510
5987 0.357143
5988 0.333333
5989 0.050000
5990 0.666667
5991 0.555556
5992 0.500000
5993 0.333333
5994 0.687500
5995 0.600000
5996 0.460317
5997 0.475000
5998 0.857143
5999 0.500000
6000 0.500000
6001 0.333333
6002 0.166667
6003 0.000000
6004 0.875000
6005 0.722222
6006 0.542857
6007 0.392857
6008 0.600000
6009 0.550000
6010 0.333333
6011 0.625000
6012 0.666667
6013 0.571429
6014 1.000000
6015 0.666667
6016 0.750000
6017 0.250000
6018 0.575000
6019 0.500000
6020 0.500000
6021 0.458333
6022 0.654720
6023 0.216071
6024 0.430037
6025 0.428986
6026 0.540845
6027 0.190476
6028 0.805556
6029 0.696429
6030 0.510582
6031 0.750000
6032 0.666667
6033 1.000000
6034 1.000000
6035 1.000000
6036 1.000000
6037 1.000000
6038 0.857143
6039 0.285714
6040 0.500000
6041 1.000000
6042 1.000000
6043 1.000000
6044 1.000000
6045 0.276786
6046 0.209347
6047 0.293233
6048 0.284900
6049 0.294118
6050 0.211267
6051 0.190956
6052 0.208333
6053 0.213929
6054 0.407197
6055 0.457143
6056 0.500000
6057 0.514286
6058 0.465503
6059 0.111111
6060 0.539286
6061 0.375000
6062 0.471429
6063 0.175758
6064 0.523810
6065 0.200000
6066 0.509091
6067 0.562500
6068 0.371111
6069 0.222222
6070 1.000000
6071 0.166667
6072 0.083333
6073 0.206349
6074 0.500000
6075 0.666667
6076 1.000000
6077 1.000000
6078 1.000000
6079 0.535354
6080 0.600000
6081 0.555556
6082 0.417857
6083 0.500000
6084 0.250000
6085 0.555556
6086 0.250000
6087 0.500000
6088 0.442982
6089 0.391667
6090 0.408613
6091 0.386894
6092 0.232571
6093 1.000000
6094 1.000000
6095 1.000000
6096 0.750000
6097 0.458333
6098 0.800000
6099 0.800000
6100 0.571429
6101 0.750000
6102 0.500000
6103 0.085938
6104 0.197279
6105 0.666667
6106 0.500000
6107 1.000000
6108 0.714286
6109 1.000000
6110 0.600000
6111 0.800000
6112 0.950000
6113 0.600000
6114 0.916667
6115 0.562500
6116 0.500000
6117 0.266667
6118 0.500000
6119 0.500000
6120 0.142857
6121 0.000000
6122 0.000000
6123 0.500000
6124 0.775000
6125 0.687500
6126 0.625000
6127 0.333333
6128 1.000000
6129 0.083333
6130 0.666667
6131 0.700000
6132 1.000000
6133 0.305556
6134 0.800000
6135 0.805556
6136 0.833333
6137 0.100000
6138 0.180000
6139 0.000000
6140 0.431944
6141 0.344444
6142 0.370370
6143 0.254630
6144 0.550000
6145 0.187500
6146 0.300000
6147 0.040000
6148 0.190476
6149 0.000000
6150 1.000000
6151 0.750000
6152 0.000000
6153 0.833333
6154 0.700000
6155 0.166667
6156 1.000000
6157 0.375000
6158 0.500000
6159 1.000000
6160 0.486111
6161 0.300000
6162 0.333333
6163 0.600000
6164 0.535124
6165 0.214286
6166 0.604701
6167 0.658730
6168 0.436667
6169 0.553125
6170 0.550000
6171 0.442857
6172 0.732143
6173 0.571429
6174 0.250000
6175 0.498095
6176 0.128571
6177 0.525000
6178 0.457143
6179 0.589286
6180 1.000000
6181 0.433333
6182 0.805556
6183 0.966667
6184 0.071429
6185 0.144824
6186 0.078947
6187 0.056250
6188 0.125000
6189 0.500000
6190 0.666667
6191 1.000000
6192 0.666667
6193 0.666667
6194 0.266667
6195 0.500000
6196 0.333333
6197 0.229697
6198 0.392857
6199 0.083333
6200 0.822222
6201 0.600000
6202 0.375000
6203 0.298942
6204 0.413333
6205 0.404545
6206 0.487692
6207 0.309524
6208 0.485714
6209 0.714286
6210 0.250000
6211 0.250000
6212 0.555556
6213 0.666667
6214 0.243881
6215 0.142857
6216 0.041667
6217 0.220238
6218 0.208547
6219 0.809524
6220 0.852778
6221 0.800000
6222 0.777778
6223 0.666667
6224 1.000000
6225 0.500000
6226 0.250000
6227 0.750000
6228 0.462440
6229 0.657407
6230 0.875000
6231 0.666667
6232 0.312500
6233 1.000000
6234 0.785714
6235 0.595238
6236 0.694444
6237 0.533333
6238 0.416667
6239 1.000000
6240 1.000000
6241 0.600000
6242 0.600000
6243 0.833333
6244 0.333333
6245 0.698413
6246 0.666667
6247 0.833333
6248 0.500000
6249 0.500000
6250 0.555556
6251 0.500000
6252 0.500000
6253 0.333333
6254 0.550000
6255 0.555556
6256 0.333333
6257 0.166667
6258 0.439394
6259 0.366667
6260 0.442308
6261 0.481838
6262 0.344231
6263 0.687500
6264 1.000000
6265 1.000000
6266 0.916667
6267 0.190476
6268 0.392857
6269 0.444444
6270 0.266667
6271 0.600000
6272 0.500000
6273 0.416667
6274 0.833333
6275 0.666667
6276 0.285714
6277 0.400000
6278 1.000000
6279 1.000000
6280 0.333333
6281 0.500000
6282 0.400000
6283 0.242424
6284 0.375000
6285 0.393939
6286 0.345238
6287 0.308163
6288 0.625000
6289 0.276786
6290 0.533333
6291 0.170833
6292 0.773760
6293 0.083333
6294 0.136364
6295 0.777778
6296 0.100000
6297 0.555556
6298 0.003876
6299 0.040000
6300 0.000000
6301 0.000000
6302 0.007576
6303 0.018868
6304 0.018367
6305 0.090000
6306 0.008264
6307 0.152778
6308 0.449074
6309 0.236508
6310 0.407407
6311 0.300000
6312 0.415556
6313 0.333333
6314 0.266667
6315 0.000000
6316 0.333333
6317 0.633333
6318 0.428571
6319 0.270833
6320 0.550000
6321 0.225000
6322 1.000000
6323 0.600000
6324 0.166667
6325 0.660714
6326 0.333333
6327 0.666667
6328 0.750000
6329 0.500000
6330 0.600000
6331 0.569444
6332 0.125000
6333 0.333333
6334 0.738095
6335 0.760000
6336 0.450000
6337 0.611111
6338 0.305556
6339 0.666667
6340 0.416667
6341 0.500000
6342 0.095041
6343 0.666667
6344 0.333333
6345 0.555556
6346 0.666667
6347 0.625000
6348 0.800000
6349 0.166667
6350 0.857143
6351 0.508333
6352 0.424242
6353 0.833333
6354 0.200000
6355 0.500000
6356 0.600000
6357 0.106714
6358 0.108844
6359 0.074923
6360 0.465812
6361 0.458868
6362 0.501587
6363 0.449048
6364 0.552657
6365 1.000000
6366 0.386667
6367 0.277778
6368 0.500000
6369 0.333333
6370 0.166667
6371 0.015152
6372 0.700000
6373 0.552083
6374 0.690476
6375 0.666667
6376 1.000000
6377 0.500000
6378 0.750000
6379 0.666667
6380 0.647619
6381 0.651948
6382 0.753846
6383 0.577778
6384 0.180000
6385 0.859375
6386 1.000000
6387 0.333333
6388 0.732143
6389 0.714286
6390 0.862857
6391 0.571429
6392 0.900000
6393 0.750000
6394 0.857143
6395 0.225000
6396 0.300000
6397 0.277778
6398 0.100000
6399 0.625000
6400 0.666667
6401 0.666667
6402 0.750000
