0 0.128571
1 0.156863
2 0.539506
3 0.341304
4 0.379412
5 0.378788
6 0.450000
7 0.250000
8 0.400000
9 0.312500
10 0.000000
11 0.000000
12 0.000000
13 0.250000
14 0.250000
15 0.100000
16 0.500000
17 0.533333
18 0.452381
19 0.166667
20 0.457143
21 0.300000
22 0.333333
23 0.720000
24 0.530159
25 0.555556
26 0.333333
27 0.316667
28 0.427273
29 0.583333
30 0.543697
31 0.477040
32 0.600000
33 0.280000
34 0.457143
35 0.583333
36 0.500000
37 0.833333
38 0.916667
39 0.500000
40 0.439394
41 0.618382
42 0.321429
43 0.270833
44 0.247619
45 0.250000
46 0.000000
47 0.750000
48 0.358974
49 0.444444
50 0.230769
51 0.300000
52 0.607143
53 0.833333
54 0.666667
55 0.625000
56 0.500000
57 0.800000
58 0.722222
59 0.333333
60 1.000000
61 1.000000
62 1.000000
63 0.301235
64 0.200000
65 0.844444
66 0.266667
67 0.458333
68 0.458333
69 0.589286
70 0.690476
71 0.333333
72 0.950000
73 0.650794
74 1.000000
75 0.269841
76 0.589286
77 1.000000
78 0.555556
79 0.333333
80 0.569444
81 0.683333
82 1.000000
83 1.000000
84 1.000000
85 0.800000
86 0.750000
87 0.800000
88 0.942857
89 0.500000
90 1.000000
91 1.000000
92 0.166667
93 0.666667
94 1.000000
95 0.500000
96 0.500000
97 1.000000
98 1.000000
99 1.000000
100 1.000000
101 1.000000
102 1.000000
103 0.000000
104 0.454545
105 0.367901
106 0.780000
107 0.700000
108 0.499390
109 0.493507
110 0.414141
111 0.400000
112 0.466667
113 0.362963
114 0.238095
115 0.440000
116 0.542857
117 0.062500
118 0.392857
119 1.000000
120 1.000000
121 1.000000
122 0.829365
123 0.833333
124 0.800000
125 0.733333
126 0.407407
127 0.373737
128 0.366667
129 0.283333
130 0.475000
131 0.438776
132 0.732143
133 0.485714
134 0.000000
135 0.000000
136 0.430556
137 0.414141
138 0.539286
139 0.420455
140 0.416667
141 0.714286
142 0.833333
143 0.763889
144 0.888889
145 0.666667
146 0.666667
147 0.500000
148 0.500000
149 0.500000
150 0.500000
151 0.409091
152 0.442500
153 0.333333
154 0.157143
155 0.416667
156 0.500000
157 0.555556
158 0.500000
159 1.000000
160 0.333333
161 0.613095
162 0.375000
163 0.000000
164 0.166667
165 0.333333
166 0.687500
167 0.439560
168 0.450000
169 0.371429
170 0.545455
171 0.650794
172 0.737500
173 0.800000
174 0.966667
175 0.833333
176 0.800000
177 1.000000
178 1.000000
179 1.000000
180 0.500000
181 0.500000
182 1.000000
183 0.666667
184 1.000000
185 1.000000
186 1.000000
187 1.000000
188 1.000000
189 1.000000
190 1.000000
191 1.000000
192 1.000000
193 1.000000
194 1.000000
195 0.045853
196 0.035714
197 0.054365
198 0.021368
199 1.000000
200 0.666667
201 1.000000
202 1.000000
203 1.000000
204 0.200000
205 0.400000
206 1.000000
207 0.242857
208 1.000000
209 1.000000
210 1.000000
211 1.000000
212 1.000000
213 0.680000
214 0.428571
215 0.429060
216 0.634286
217 0.250000
218 0.000000
219 0.000000
220 0.000000
221 0.000000
222 1.000000
223 1.000000
224 1.000000
225 1.000000
226 1.000000
227 1.000000
228 1.000000
229 1.000000
230 0.265306
231 0.346939
232 0.625000
233 0.439394
234 0.582888
235 0.538462
236 0.359184
237 0.595779
238 0.596429
239 0.400000
240 0.553571
241 0.400000
242 0.461111
243 0.214286
244 0.333333
245 0.257143
246 0.680000
247 1.000000
248 0.166667
249 0.833333
250 1.000000
251 0.714286
252 0.333333
253 1.000000
254 0.866667
255 0.760000
256 0.800000
257 1.000000
258 0.500000
259 0.092593
260 0.000000
261 0.000000
262 0.000000
263 0.000000
264 0.666667
265 0.666667
266 0.491667
267 0.566667
268 0.666667
269 0.666667
270 0.257037
271 0.083333
272 0.153846
273 0.166667
274 0.666667
275 1.000000
276 1.000000
277 1.000000
278 1.000000
279 1.000000
280 1.000000
281 1.000000
282 1.000000
283 1.000000
284 1.000000
285 1.000000
286 1.000000
287 1.000000
288 1.000000
289 1.000000
290 1.000000
291 1.000000
292 1.000000
293 1.000000
294 0.500000
295 0.458791
296 0.183333
297 0.476852
298 0.356476
299 1.000000
300 1.000000
301 1.000000
302 1.000000
303 1.000000
304 1.000000
305 1.000000
306 0.377778
307 0.616450
308 0.407619
309 0.592510
310 0.544444
311 0.500000
312 0.500000
313 0.333333
314 0.750000
315 0.500000
316 0.110811
317 0.177536
318 0.029064
319 0.094965
320 0.081818
321 0.587302
322 0.285714
323 0.715278
324 0.600000
325 0.843750
326 1.000000
327 1.000000
328 1.000000
329 1.000000
330 1.000000
331 0.750000
332 0.550000
333 0.000000
334 0.666667
335 0.714286
336 1.000000
337 1.000000
338 1.000000
339 0.450000
340 0.385714
341 0.333333
342 0.250000
343 1.000000
344 1.000000
345 1.000000
346 1.000000
347 1.000000
348 1.000000
349 1.000000
350 0.500000
351 0.000000
352 0.000000
353 nan
354 1.000000
355 1.000000
356 1.000000
357 1.000000
358 1.000000
359 1.000000
360 1.000000
361 1.000000
362 1.000000
363 1.000000
364 0.000000
365 1.000000
366 1.000000
367 0.222222
368 0.201389
369 0.295370
370 0.397619
371 0.193416
372 0.125000
373 0.250000
374 0.250000
375 0.291667
376 1.000000
377 1.000000
378 1.000000
379 1.000000
380 1.000000
381 0.500000
382 1.000000
383 1.000000
384 1.000000
385 1.000000
386 1.000000
387 1.000000
388 1.000000
389 1.000000
390 1.000000
391 1.000000
392 1.000000
393 1.000000
394 1.000000
395 1.000000
396 1.000000
397 0.000000
398 1.000000
399 0.498559
400 0.192628
401 0.335000
402 0.217582
403 0.159091
404 0.148485
405 1.000000
406 1.000000
407 1.000000
408 1.000000
409 0.500000
410 1.000000
411 1.000000
412 1.000000
413 1.000000
414 1.000000
415 1.000000
416 1.000000
417 0.500000
418 0.250000
419 0.500000
420 0.500000
421 0.500000
422 1.000000
423 1.000000
424 1.000000
425 1.000000
426 1.000000
427 1.000000
428 1.000000
429 1.000000
430 1.000000
431 1.000000
432 1.000000
433 1.000000
434 1.000000
435 0.216162
436 0.428571
437 0.307692
438 1.000000
439 1.000000
440 1.000000
441 0.351282
442 0.530051
443 0.213352
444 0.312500
445 0.506173
446 1.000000
447 1.000000
448 1.000000
449 1.000000
450 1.000000
451 1.000000
452 1.000000
453 1.000000
454 1.000000
455 0.000000
456 0.166667
457 1.000000
458 1.000000
459 1.000000
460 1.000000
461 0.666667
462 1.000000
463 0.416667
464 0.750000
465 1.000000
466 1.000000
467 1.000000
468 1.000000
469 0.510204
470 0.296875
471 0.345685
472 0.279018
473 0.443102
474 0.283883
475 0.465278
476 0.090909
477 0.272109
478 0.236364
479 0.053030
480 0.075758
481 0.166667
482 0.166667
483 1.000000
484 0.500000
485 0.750000
486 0.750000
487 1.000000
488 0.500000
489 0.500000
490 0.577381
491 0.344444
492 0.318681
493 0.250000
494 0.333333
495 0.714286
496 0.613095
497 0.250000
498 0.733333
499 0.833333
500 0.690476
501 0.560000
502 0.571429
503 0.666667
504 0.680000
505 0.444444
506 0.388889
507 0.283333
508 0.144231
509 0.523810
510 0.467949
511 1.000000
512 0.857143
513 1.000000
514 0.333333
515 0.072727
516 0.398438
517 0.200000
518 0.458333
519 0.333333
520 0.300000
521 0.333333
522 0.866667
523 0.666667
524 0.250000
525 0.333333
526 0.333333
527 0.261905
528 0.250000
529 0.800000
530 1.000000
531 0.416667
532 0.611111
533 0.666667
534 0.500000
535 0.000000
536 1.000000
537 0.250000
538 0.533333
539 0.333333
540 0.276190
541 0.483333
542 0.500000
543 0.360000
544 0.600000
545 0.600000
546 0.148088
547 0.179856
548 0.191896
549 0.101351
550 0.141463
551 0.750000
552 0.750000
553 0.866667
554 0.750000
555 0.195617
556 0.027778
557 0.086957
558 0.000000
559 0.250000
560 0.400000
561 0.333333
562 0.800000
563 0.375000
564 0.666667
565 0.542857
566 0.452381
567 0.462963
568 0.500000
569 0.816327
570 0.531746
571 0.091837
572 0.040179
573 0.151235
574 0.206423
575 0.000000
576 0.531250
577 0.310833
578 0.554474
579 0.260331
580 0.543860
581 0.216667
582 0.400000
583 0.491453
584 0.439394
585 0.423611
586 0.000000
587 0.266667
588 0.166667
589 0.366667
590 0.688571
591 0.283835
592 0.216162
593 0.290562
594 0.188272
595 0.469464
596 1.000000
597 0.805556
598 0.523810
599 0.400000
600 0.214815
601 0.055556
602 0.625000
603 0.166667
604 0.607143
605 0.687500
606 0.513889
607 0.312963
608 0.418129
609 0.744643
610 0.456169
611 0.644898
612 0.400000
613 1.000000
614 1.000000
615 1.000000
616 0.866667
617 1.000000
618 1.000000
619 1.000000
620 1.000000
621 1.000000
622 1.000000
623 0.000000
624 1.000000
625 1.000000
626 1.000000
627 1.000000
628 0.000000
629 1.000000
630 0.500000
631 0.500000
632 1.000000
633 1.000000
634 0.833333
635 0.833333
636 0.458333
637 0.367340
638 0.333333
639 0.604167
640 1.000000
641 1.000000
642 1.000000
643 1.000000
644 1.000000
645 0.399079
646 0.573333
647 0.340000
648 0.035714
649 0.409903
650 0.416667
651 0.732143
652 0.504274
653 0.396429
654 0.581197
655 0.833333
656 0.095238
657 0.125000
658 0.444444
659 0.421053
660 0.125000
661 0.130000
662 0.270833
663 1.000000
664 0.666667
665 1.000000
666 0.500000
667 0.666667
668 0.378571
669 0.859375
670 0.666667
671 0.224359
672 0.181818
673 0.386667
674 0.277778
675 0.666667
676 0.400000
677 0.350000
678 0.306032
679 0.464286
680 0.366667
681 0.520833
682 0.177399
683 0.149713
684 0.257030
685 0.231818
686 0.333333
687 0.687500
688 0.687500
689 1.000000
690 0.166667
691 0.500000
692 0.333333
693 0.750000
694 0.500000
695 0.673469
696 0.660714
697 0.714286
698 0.763889
699 1.000000
700 0.500000
701 0.500000
702 1.000000
703 1.000000
704 0.111111
705 0.666667
706 0.230392
707 0.316667
708 0.601648
709 0.452381
710 0.306474
711 0.500000
712 1.000000
713 1.000000
714 1.000000
715 1.000000
716 1.000000
717 1.000000
718 0.520000
719 0.638889
720 0.720000
721 0.714286
722 1.000000
723 1.000000
724 1.000000
725 1.000000
726 1.000000
727 1.000000
728 1.000000
729 0.250000
730 0.197333
731 0.650794
732 0.199060
733 0.000000
734 0.133333
735 0.288889
736 0.144338
737 1.000000
738 1.000000
739 1.000000
740 1.000000
741 1.000000
742 1.000000
743 1.000000
744 1.000000
745 1.000000
746 1.000000
747 1.000000
748 1.000000
749 1.000000
750 1.000000
751 1.000000
752 1.000000
753 1.000000
754 1.000000
755 1.000000
756 1.000000
757 1.000000
758 1.000000
759 1.000000
760 1.000000
761 1.000000
762 1.000000
763 1.000000
764 1.000000
765 1.000000
766 1.000000
767 1.000000
768 1.000000
769 0.666667
770 0.571429
771 0.375000
772 0.528571
773 0.549451
774 0.326389
775 0.402083
776 0.228571
777 0.589286
778 0.362637
779 1.000000
780 1.000000
781 1.000000
782 1.000000
783 1.000000
784 1.000000
785 1.000000
786 1.000000
787 0.333333
788 1.000000
789 0.760000
790 1.000000
791 1.000000
792 1.000000
793 0.579487
794 0.665158
795 0.549451
796 0.534087
797 0.700000
798 1.000000
799 1.000000
800 1.000000
801 1.000000
802 1.000000
803 1.000000
804 0.500000
805 1.000000
806 0.666667
807 0.333333
808 0.500000
809 0.531217
810 0.661859
811 0.500000
812 0.760000
813 1.000000
814 1.000000
815 0.543434
816 0.392857
817 0.414167
818 0.371429
819 0.355556
820 0.500000
821 0.714286
822 0.796875
823 0.450000
824 0.650000
825 0.666667
826 0.407407
827 0.690476
828 0.532468
829 0.166667
830 0.750000
831 0.833333
832 0.200000
833 0.472727
834 0.380000
835 0.475000
836 0.509874
837 0.180000
838 0.733333
839 0.450000
840 0.244444
841 0.351190
842 0.250000
843 0.333333
844 0.333333
845 0.400000
846 0.500000
847 1.000000
848 0.000000
849 1.000000
850 0.500000
851 1.000000
852 0.833333
853 0.690476
854 0.500000
855 0.666667
856 0.450000
857 0.476190
858 0.312500
859 0.000000
860 0.333333
861 0.000000
862 0.222222
863 0.625000
864 1.000000
865 1.000000
866 1.000000
867 0.338095
868 0.166818
869 0.687500
870 0.172571
871 0.272727
872 0.550000
873 0.000000
874 0.666667
875 1.000000
876 1.000000
877 1.000000
878 1.000000
879 1.000000
880 1.000000
881 1.000000
882 1.000000
883 1.000000
884 0.176471
885 0.321905
886 0.287719
887 0.158095
888 0.262821
889 0.797619
890 0.714286
891 1.000000
892 0.836735
893 0.950000
894 0.638889
895 0.500000
896 0.600000
897 0.792857
898 0.625000
899 0.388889
900 0.500000
901 0.625000
902 0.800000
903 0.866667
904 1.000000
905 0.500000
906 0.755556
907 0.666667
908 1.000000
909 1.000000
910 1.000000
911 0.200000
912 0.083333
913 0.206349
914 0.208333
915 0.627706
916 0.339286
917 0.383333
918 0.469792
919 0.393357
920 0.047619
921 0.541667
922 0.390476
923 0.274849
924 0.200000
925 0.142857
926 0.400000
927 0.400000
928 0.400000
929 1.000000
930 nan
931 1.000000
932 1.000000
933 0.395833
934 0.343750
935 0.190476
936 0.444444
937 0.299784
938 0.224638
939 0.306940
940 0.612500
941 0.504762
942 0.760000
943 0.733333
944 0.416667
945 0.750000
946 0.800000
947 0.619048
948 0.600000
949 0.683333
950 0.800000
951 0.500000
952 0.500000
953 0.133333
954 0.728571
955 0.625000
956 0.428571
957 0.571429
958 0.333333
959 0.066667
960 1.000000
961 0.500000
962 1.000000
963 0.166667
964 0.211574
965 0.205882
966 0.464286
967 0.566667
968 0.800000
969 0.601852
970 0.411458
971 0.666667
972 0.276077
973 0.333810
974 0.779167
975 0.545455
976 0.208333
977 0.333333
978 0.805556
979 0.250000
980 0.800000
981 0.942857
982 1.000000
983 1.000000
984 1.000000
985 1.000000
986 1.000000
987 1.000000
988 1.000000
989 1.000000
990 1.000000
991 1.000000
992 1.000000
993 1.000000
994 1.000000
995 1.000000
996 1.000000
997 1.000000
998 1.000000
999 1.000000
1000 1.000000
1001 0.833333
1002 1.000000
1003 1.000000
1004 1.000000
1005 1.000000
1006 0.500000
1007 0.625000
1008 0.300000
1009 0.405698
1010 0.434921
1011 0.225000
1012 0.393519
1013 0.166667
1014 0.500000
1015 1.000000
1016 1.000000
1017 0.666667
1018 1.000000
1019 1.000000
1020 0.333333
1021 0.500000
1022 0.416667
1023 0.500000
1024 0.850000
1025 0.166667
1026 0.400000
1027 0.666667
1028 0.500000
1029 0.566667
1030 0.357143
1031 0.507576
1032 0.469444
1033 0.719048
1034 0.285714
1035 0.688301
1036 1.000000
1037 1.000000
1038 0.408730
1039 0.600000
1040 0.673469
1041 0.240212
1042 0.431220
1043 1.000000
1044 1.000000
1045 0.500000
1046 0.550000
1047 0.933333
1048 1.000000
1049 0.805556
1050 0.966667
1051 0.795918
1052 0.000000
1053 0.200000
1054 0.125000
1055 0.075075
1056 0.115315
1057 0.666667
1058 0.916667
1059 0.666667
1060 0.444444
1061 0.666667
1062 0.232143
1063 0.228938
1064 0.446970
1065 0.060150
1066 0.537037
1067 0.000000
1068 0.025000
1069 0.041026
1070 0.500000
1071 0.714286
1072 0.275132
1073 0.481481
1074 0.566667
1075 0.088868
1076 0.128205
1077 0.053191
1078 0.041475
1079 1.000000
1080 0.571429
1081 1.000000
1082 1.000000
1083 0.760000
1084 0.666667
1085 0.666667
1086 0.966667
1087 0.000000
1088 0.173913
1089 0.165714
1090 0.170826
1091 0.104167
1092 0.174459
1093 0.200000
1094 0.424242
1095 0.160195
1096 0.218750
1097 0.104575
1098 0.086957
1099 0.105821
1100 0.198160
1101 0.252582
1102 0.127132
1103 0.359477
1104 0.358289
1105 0.504274
1106 0.360963
1107 0.230769
1108 0.268421
1109 0.146730
1110 0.408791
1111 0.208333
1112 0.237500
1113 1.000000
1114 1.000000
1115 1.000000
1116 1.000000
1117 1.000000
1118 1.000000
1119 1.000000
1120 1.000000
1121 1.000000
1122 1.000000
1123 1.000000
1124 1.000000
1125 0.833333
1126 0.500000
1127 1.000000
1128 1.000000
1129 1.000000
1130 1.000000
1131 1.000000
1132 1.000000
1133 1.000000
1134 1.000000
1135 1.000000
1136 1.000000
1137 1.000000
1138 0.507576
1139 0.500000
1140 0.255263
1141 0.666667
1142 1.000000
1143 0.204762
1144 0.555556
1145 1.000000
1146 1.000000
1147 1.000000
1148 1.000000
1149 1.000000
1150 1.000000
1151 1.000000
1152 1.000000
1153 0.800000
1154 0.666667
1155 0.750000
1156 0.333333
1157 0.472308
1158 0.545455
1159 0.511111
1160 0.333333
1161 0.554365
1162 1.000000
1163 1.000000
1164 0.500000
1165 0.500000
1166 0.460317
1167 0.464286
1168 0.506494
1169 0.625000
1170 0.427083
1171 0.488095
1172 0.358766
1173 1.000000
1174 1.000000
1175 1.000000
1176 1.000000
1177 1.000000
1178 1.000000
1179 0.833333
1180 1.000000
1181 1.000000
1182 1.000000
1183 1.000000
1184 1.000000
1185 1.000000
1186 1.000000
1187 1.000000
1188 1.000000
1189 1.000000
1190 0.333333
1191 0.750000
1192 0.500000
1193 0.250000
1194 1.000000
1195 0.333333
1196 1.000000
1197 1.000000
1198 1.000000
1199 1.000000
1200 1.000000
1201 0.355556
1202 0.294118
1203 0.333333
1204 0.500000
1205 0.386667
1206 0.600000
1207 0.250000
1208 0.200000
1209 0.500000
1210 0.285714
1211 0.693182
1212 0.737500
1213 0.554545
1214 0.200000
1215 0.500000
1216 1.000000
1217 0.666667
1218 0.500000
1219 0.333333
1220 0.550000
1221 0.714286
1222 1.000000
1223 1.000000
1224 1.000000
1225 1.000000
1226 1.000000
1227 1.000000
1228 0.916667
1229 0.555556
1230 0.500000
1231 0.666667
1232 0.569231
1233 0.484127
1234 0.267677
1235 0.386655
1236 0.574893
1237 0.243166
1238 0.501587
1239 0.545455
1240 0.777778
1241 0.636364
1242 0.305556
1243 0.616327
1244 0.500000
1245 0.416667
1246 0.333333
1247 0.371606
1248 0.589286
1249 0.320513
1250 0.475000
1251 0.437607
1252 0.333333
1253 0.066667
1254 0.500000
1255 0.145933
1256 0.037152
1257 0.008230
1258 0.000000
1259 0.090476
1260 0.241667
1261 0.755556
1262 0.651042
1263 0.800000
1264 0.694444
1265 0.238095
1266 0.064935
1267 0.206983
1268 0.097689
1269 0.095238
1270 0.096162
1271 0.200000
1272 0.488866
1273 0.371561
1274 0.400000
1275 0.161172
1276 1.000000
1277 1.000000
1278 1.000000
1279 1.000000
1280 1.000000
1281 1.000000
1282 1.000000
1283 1.000000
1284 1.000000
1285 1.000000
1286 1.000000
1287 1.000000
1288 1.000000
1289 1.000000
1290 1.000000
1291 1.000000
1292 1.000000
1293 1.000000
1294 1.000000
1295 1.000000
1296 0.250000
1297 0.230769
1298 0.072727
1299 0.555556
1300 0.187500
1301 0.114583
1302 0.222222
1303 0.250000
1304 0.333333
1305 0.250000
1306 0.444444
1307 0.200000
1308 0.625000
1309 0.804688
1310 0.696429
1311 0.485714
1312 0.577083
1313 0.123810
1314 0.666667
1315 0.361111
1316 0.444805
1317 0.300000
1318 0.250000
1319 0.333333
1320 0.500000
1321 0.000000
1322 0.193333
1323 0.146154
1324 0.178571
1325 0.176190
1326 0.133333
1327 0.717094
1328 0.519444
1329 0.200000
1330 0.966667
1331 0.166667
1332 0.284127
1333 0.500000
1334 0.500000
1335 0.000000
1336 0.333333
1337 0.666667
1338 0.322222
1339 0.537037
1340 0.350000
1341 0.458554
1342 0.220000
1343 0.475000
1344 1.000000
1345 0.800000
1346 0.033333
1347 0.800000
1348 0.200000
1349 0.125000
1350 0.500000
1351 0.500000
1352 0.750000
1353 0.625000
1354 0.333333
1355 0.750000
1356 0.687500
1357 0.666667
1358 0.500000
1359 0.166667
1360 0.333333
1361 0.750000
1362 0.750000
1363 0.800000
1364 0.833333
1365 0.387719
1366 0.457143
1367 0.552156
1368 0.591043
1369 1.000000
1370 1.000000
1371 1.000000
1372 1.000000
1373 1.000000
1374 1.000000
1375 1.000000
1376 0.500000
1377 0.916667
1378 1.000000
1379 0.750000
1380 0.407407
1381 0.550000
1382 0.700000
1383 0.687500
1384 1.000000
1385 1.000000
1386 1.000000
1387 1.000000
1388 1.000000
1389 1.000000
1390 1.000000
1391 1.000000
1392 1.000000
1393 1.000000
1394 1.000000
1395 1.000000
1396 1.000000
1397 1.000000
1398 0.668388
1399 0.333333
1400 1.000000
1401 1.000000
1402 1.000000
1403 1.000000
1404 1.000000
1405 0.000000
1406 1.000000
1407 1.000000
1408 0.083333
1409 0.062500
1410 0.666667
1411 0.400000
1412 0.666667
1413 0.687500
1414 0.430776
1415 0.666667
1416 0.725000
1417 1.000000
1418 1.000000
1419 1.000000
1420 1.000000
1421 1.000000
1422 1.000000
1423 1.000000
1424 1.000000
1425 1.000000
1426 1.000000
1427 1.000000
1428 1.000000
1429 1.000000
1430 1.000000
1431 1.000000
1432 0.250000
1433 1.000000
1434 1.000000
1435 1.000000
1436 1.000000
1437 0.383631
1438 0.464286
1439 0.519231
1440 0.423077
1441 0.556061
1442 0.783929
1443 0.592593
1444 0.553571
1445 0.714286
1446 0.277778
1447 0.857143
1448 0.818182
1449 0.805556
1450 0.857143
1451 0.714286
1452 1.000000
1453 0.750000
1454 0.750000
1455 1.000000
1456 1.000000
1457 0.500000
1458 1.000000
1459 1.000000
1460 1.000000
1461 1.000000
1462 1.000000
1463 1.000000
1464 1.000000
1465 1.000000
1466 1.000000
1467 1.000000
1468 1.000000
1469 1.000000
1470 1.000000
1471 1.000000
1472 0.500000
1473 0.066667
1474 0.500000
1475 0.400000
1476 0.617342
1477 0.476190
1478 0.568182
1479 0.468254
1480 0.777778
1481 0.631818
1482 0.244048
1483 0.836735
1484 0.491667
1485 1.000000
1486 1.000000
1487 0.500000
1488 1.000000
1489 1.000000
1490 1.000000
1491 1.000000
1492 1.000000
1493 1.000000
1494 1.000000
1495 1.000000
1496 0.166667
1497 0.500000
1498 1.000000
1499 1.000000
1500 1.000000
1501 1.000000
1502 0.500000
1503 1.000000
1504 0.542857
1505 0.500000
1506 0.100000
1507 0.343750
1508 0.500000
1509 0.666667
1510 0.750000
1511 0.333333
1512 0.000000
1513 0.421667
1514 0.333143
1515 0.283348
1516 0.208876
1517 0.374359
1518 0.395833
1519 0.208333
1520 0.368056
1521 0.500000
1522 0.666667
1523 0.250000
1524 0.161111
1525 0.269841
1526 0.082596
1527 0.276316
1528 0.274306
1529 0.534524
1530 0.625000
1531 0.714286
1532 0.500000
1533 0.416667
1534 0.750000
1535 0.650794
1536 0.333333
1537 0.153092
1538 0.250000
1539 0.274733
1540 0.161765
1541 0.236264
1542 0.047059
1543 0.500000
1544 0.380000
1545 0.500000
1546 0.335000
1547 0.149321
1548 0.310035
1549 0.138889
1550 0.492326
1551 0.833333
1552 0.700000
1553 0.458333
1554 0.151515
1555 0.075483
1556 0.096774
1557 0.402273
1558 0.076923
1559 0.250000
1560 0.444444
1561 0.600000
1562 0.600000
1563 0.600000
1564 0.600000
1565 0.400000
1566 0.875000
1567 0.737374
1568 0.833333
1569 0.736111
1570 0.753086
1571 1.000000
1572 0.600000
1573 1.000000
1574 0.569444
1575 0.822857
1576 1.000000
1577 1.000000
1578 1.000000
1579 1.000000
1580 1.000000
1581 1.000000
1582 0.333333
1583 0.250000
1584 0.333333
1585 0.250000
1586 0.333333
1587 0.142361
1588 0.750000
1589 0.316667
1590 0.066667
1591 1.000000
1592 0.375000
1593 1.000000
1594 0.333333
1595 0.666667
1596 0.916667
1597 1.000000
1598 1.000000
1599 0.120370
1600 0.211765
1601 0.343915
1602 0.343750
1603 0.836735
1604 0.485714
1605 0.371429
1606 0.200000
1607 0.047619
1608 0.427083
1609 0.687500
1610 0.333333
1611 0.514286
1612 0.325395
1613 0.269714
1614 0.419048
1615 0.288889
1616 0.354672
1617 0.578125
1618 0.333333
1619 0.271429
1620 0.484127
1621 0.475000
1622 0.523810
1623 0.666667
1624 0.690476
1625 0.333333
1626 0.371429
1627 0.222222
1628 0.104167
1629 0.409091
1630 0.309091
1631 0.423077
1632 0.168899
1633 0.310714
1634 0.257260
1635 0.254687
1636 0.180303
1637 0.271429
1638 0.313492
1639 0.208333
1640 0.110516
1641 0.270661
1642 0.211538
1643 0.279848
1644 0.166667
1645 0.281250
1646 0.333333
1647 0.261905
1648 0.328332
1649 0.139181
1650 0.751479
1651 0.532222
1652 0.600000
1653 0.571429
1654 0.600000
1655 0.541667
1656 0.416667
1657 0.425000
1658 0.397253
1659 0.527106
1660 0.414706
1661 0.785714
1662 0.428571
1663 0.200000
1664 0.714286
1665 0.176471
1666 0.075758
1667 0.081818
1668 0.014706
1669 0.326531
1670 0.322222
1671 0.550000
1672 0.489286
1673 0.523810
1674 0.577381
1675 0.900000
1676 0.333333
1677 0.300000
1678 0.300000
1679 0.666667
1680 0.200000
1681 0.321429
1682 0.555556
1683 0.333333
1684 0.225000
1685 0.529615
1686 0.343537
1687 0.266667
1688 0.534259
1689 0.431851
1690 0.000000
1691 0.025641
1692 0.458333
1693 0.333333
1694 0.500000
1695 0.333333
1696 0.305556
1697 0.333333
1698 0.733333
1699 0.933333
1700 0.166667
1701 0.673469
1702 0.346154
1703 0.458333
1704 0.400000
1705 0.311111
1706 0.122222
1707 0.148718
1708 0.087179
1709 0.321755
1710 0.119658
1711 0.916667
1712 0.750000
1713 0.333333
1714 1.000000
1715 1.000000
1716 0.000000
1717 1.000000
1718 0.400000
1719 0.400000
1720 0.600000
1721 0.950000
1722 1.000000
1723 0.800000
1724 1.000000
1725 0.500000
1726 1.000000
1727 1.000000
1728 1.000000
1729 1.000000
1730 0.450000
1731 0.333333
1732 0.666667
1733 0.500000
1734 0.625000
1735 1.000000
1736 0.500000
1737 0.500000
1738 0.284014
1739 0.552381
1740 0.087500
1741 0.177381
1742 0.602974
1743 0.687500
1744 0.371429
1745 0.500000
1746 0.453333
1747 0.367143
1748 0.266667
1749 0.235714
1750 0.409524
1751 0.395833
1752 0.532468
1753 0.491667
1754 0.257143
1755 1.000000
1756 1.000000
1757 0.857143
1758 0.666667
1759 0.821429
1760 0.952381
1761 0.500000
1762 1.000000
1763 0.666667
1764 0.333333
1765 0.666667
1766 1.000000
1767 1.000000
1768 1.000000
1769 1.000000
1770 1.000000
1771 0.833333
1772 0.687500
1773 0.950000
1774 0.625000
1775 1.000000
1776 1.000000
1777 1.000000
1778 1.000000
1779 0.333333
1780 0.500000
1781 0.250000
1782 1.000000
1783 1.000000
1784 0.105263
1785 0.185185
1786 0.481818
1787 0.244444
1788 1.000000
1789 1.000000
1790 1.000000
1791 1.000000
1792 0.434921
1793 0.250000
1794 0.264198
1795 0.250000
1796 0.330345
1797 0.239216
1798 0.169231
1799 0.166667
1800 0.188025
1801 0.300000
1802 0.394561
1803 0.666667
1804 0.428571
1805 0.680000
1806 0.750000
1807 0.550000
1808 0.333333
1809 1.000000
1810 0.833333
1811 0.610806
1812 0.487013
1813 0.166667
1814 0.618540
1815 0.183333
1816 0.214815
1817 0.888889
1818 0.295238
1819 0.448913
1820 0.696429
1821 0.687500
1822 0.663636
1823 0.550000
1824 0.605556
1825 0.555556
1826 1.000000
1827 1.000000
1828 1.000000
1829 1.000000
1830 0.652165
1831 0.777778
1832 0.545566
1833 1.000000
1834 1.000000
1835 1.000000
1836 0.500000
1837 0.063953
1838 0.025185
1839 0.012987
1840 0.019663
1841 0.000000
1842 0.165196
1843 0.087745
1844 0.074074
1845 0.180877
1846 0.107452
1847 0.386111
1848 0.321970
1849 0.568182
1850 0.419048
1851 0.588889
1852 0.416667
1853 0.800000
1854 0.500000
1855 0.566667
1856 0.680000
1857 0.208333
1858 0.500000
1859 1.000000
1860 0.583333
1861 0.366667
1862 0.458333
1863 0.589286
1864 0.200000
1865 0.305556
1866 0.515152
1867 0.553125
1868 0.690476
1869 0.285714
1870 0.276190
1871 0.477679
1872 0.166667
1873 0.737500
1874 0.300000
1875 0.000000
1876 0.333333
1877 0.500000
1878 0.500000
1879 0.143398
1880 0.288462
1881 0.288462
1882 0.386364
1883 0.183333
1884 0.351389
1885 0.103896
1886 0.352679
1887 0.135714
1888 0.330070
1889 0.235294
1890 0.110000
1891 0.500000
1892 0.184807
1893 0.000000
1894 0.169643
1895 0.282407
1896 0.180556
1897 0.500000
1898 0.500000
1899 0.375000
1900 0.333333
1901 0.266667
1902 0.550000
1903 0.720000
1904 0.555556
1905 0.438776
1906 1.000000
1907 0.750000
1908 1.000000
1909 0.964286
1910 0.680000
1911 0.250000
1912 0.333333
1913 0.125000
1914 0.250000
1915 0.446154
1916 0.412121
1917 0.769231
1918 0.392385
1919 0.495000
1920 0.727273
1921 0.875000
1922 1.000000
1923 1.000000
1924 0.666667
1925 1.000000
1926 0.500000
1927 1.000000
1928 0.333333
1929 0.333333
1930 0.507576
1931 0.441026
1932 0.431818
1933 0.585714
1934 0.217033
1935 0.504274
1936 0.492064
1937 0.300000
1938 0.513889
1939 0.302083
1940 0.100000
1941 0.482143
1942 0.616327
1943 0.500000
1944 0.697917
1945 0.666667
1946 0.534226
1947 0.690476
1948 0.666667
1949 0.428571
1950 0.456410
1951 0.196429
1952 0.239534
1953 0.349538
1954 0.318824
1955 0.470617
1956 0.833333
1957 0.595238
1958 1.000000
1959 0.950000
1960 1.000000
1961 1.000000
1962 0.491667
1963 0.680000
1964 0.750000
1965 0.578125
1966 0.805556
1967 0.833333
1968 0.541667
1969 0.142857
1970 0.250000
1971 0.666667
1972 0.795918
1973 0.542857
1974 0.707912
1975 0.357143
1976 0.666667
1977 0.400000
1978 0.200000
1979 1.000000
1980 0.395833
1981 0.026316
1982 0.351190
1983 0.337500
1984 0.166667
1985 0.206122
1986 0.371795
1987 0.097942
1988 1.000000
1989 0.916667
1990 0.733333
1991 0.625000
1992 0.166667
1993 0.269841
1994 0.250000
1995 0.075000
1996 0.488095
1997 0.192308
1998 0.462963
1999 0.694444
2000 0.546296
2001 0.321429
2002 0.542857
2003 0.296296
2004 0.537037
2005 0.562500
2006 0.225000
2007 0.525510
2008 0.250000
2009 0.200000
2010 0.666667
2011 0.333333
2012 0.200000
2013 0.166667
2014 0.055556
2015 0.047619
2016 1.000000
2017 0.200000
2018 1.000000
2019 0.500000
2020 1.000000
2021 0.518519
2022 0.517045
2023 0.111111
2024 1.000000
2025 0.486111
2026 0.797619
2027 0.750000
2028 0.976190
2029 0.800000
2030 0.714286
2031 0.140625
2032 0.286436
2033 0.785714
2034 0.035714
2035 0.500000
2036 0.377778
2037 0.333333
2038 1.000000
2039 0.588889
2040 0.142857
2041 0.733333
2042 0.506052
2043 0.458333
2044 0.333333
2045 0.208333
2046 1.000000
2047 0.185185
2048 0.125000
2049 0.175000
2050 0.100000
2051 0.371429
2052 0.677778
2053 0.666667
2054 0.500000
2055 0.600000
2056 0.188847
2057 0.305556
2058 0.568229
2059 0.516363
2060 0.115385
2061 0.977778
2062 0.375000
2063 0.566667
2064 0.714286
2065 0.500000
2066 0.976190
2067 1.000000
2068 0.687500
2069 1.000000
2070 0.966667
2071 0.125000
2072 0.750000
2073 0.333333
2074 0.600000
2075 0.500000
2076 0.600000
2077 1.000000
2078 0.250000
2079 0.690476
2080 0.500000
2081 1.000000
2082 0.458333
2083 0.500000
2084 0.186032
2085 0.538462
2086 0.603175
2087 0.380861
2088 0.272727
2089 1.000000
2090 1.000000
2091 0.942857
2092 1.000000
2093 0.600000
2094 0.687500
2095 0.555556
2096 0.500000
2097 0.500000
2098 0.478158
2099 0.544231
2100 0.136364
2101 0.229840
2102 0.407326
2103 0.250000
2104 0.666667
2105 0.750000
2106 0.562500
2107 0.916667
2108 0.857143
2109 0.958333
2110 1.000000
2111 0.875000
2112 0.833333
2113 0.800000
2114 0.928571
2115 1.000000
2116 0.760000
2117 0.571429
2118 1.000000
2119 0.800000
2120 1.000000
2121 0.500000
2122 0.800000
2123 0.750000
2124 0.377696
2125 0.000000
2126 1.000000
2127 0.250000
2128 0.190476
2129 0.409091
2130 0.250000
2131 0.448718
2132 0.635641
2133 0.562438
2134 0.547397
2135 0.117949
2136 0.073906
2137 0.113405
2138 0.148551
2139 1.000000
2140 1.000000
2141 1.000000
2142 0.083333
2143 0.253247
2144 0.666667
2145 0.510192
2146 0.410185
2147 0.193333
2148 0.296825
2149 0.390107
2150 0.575397
2151 0.402015
2152 0.237500
2153 0.170588
2154 0.223320
2155 0.151961
2156 0.173844
2157 0.666667
2158 0.714286
2159 0.722222
2160 0.685714
2161 0.625000
2162 0.564935
2163 0.179825
2164 0.431746
2165 0.327273
2166 0.431746
2167 0.082752
2168 0.192391
2169 0.074194
2170 0.063913
2171 0.089744
2172 0.700000
2173 0.700000
2174 0.666667
2175 0.625000
2176 0.500000
2177 0.625000
2178 0.976190
2179 0.666667
2180 0.916667
2181 0.950000
2182 0.904762
2183 0.950000
2184 0.500000
2185 0.664286
2186 0.125000
2187 0.862857
2188 0.416667
2189 0.458392
2190 0.136538
2191 0.625000
2192 0.714286
2193 0.870707
2194 0.843750
2195 0.578125
2196 0.200000
2197 0.666667
2198 0.000000
2199 0.800000
2200 0.800000
2201 0.900000
2202 0.500000
2203 0.900000
2204 0.188889
2205 0.371930
2206 0.150000
2207 0.125000
2208 0.511859
2209 0.523529
2210 0.333333
2211 0.544345
2212 0.714286
2213 0.666667
2214 1.000000
2215 0.588889
2216 0.625000
2217 0.250000
2218 0.333333
2219 0.640000
2220 0.416667
2221 0.222222
2222 0.047619
2223 0.176282
2224 0.272487
2225 0.056190
2226 0.049451
2227 0.095238
2228 0.413757
2229 0.397727
2230 0.750000
2231 0.000000
2232 0.521212
2233 0.600000
2234 0.427083
2235 0.263889
2236 0.457143
2237 0.805556
2238 0.857143
2239 0.595238
2240 0.833333
2241 0.854167
2242 0.600000
2243 0.277778
2244 0.678297
2245 0.673469
2246 0.537037
2247 0.333333
2248 0.457143
2249 0.475000
2250 0.512500
2251 0.666667
2252 0.569444
2253 1.000000
2254 0.055556
2255 0.214286
2256 0.518182
2257 0.305556
2258 0.572678
2259 0.482804
2260 0.677083
2261 0.976190
2262 0.859375
2263 0.958333
2264 0.519231
2265 0.285714
2266 0.714286
2267 0.266667
2268 0.444444
2269 0.279592
2270 0.572917
2271 0.345833
2272 0.625000
2273 0.321429
2274 0.336475
2275 0.202932
2276 0.306370
2277 0.438596
2278 0.376396
2279 0.833333
2280 1.000000
2281 0.666667
2282 1.000000
2283 0.400000
2284 0.321429
2285 0.583333
2286 0.428571
2287 0.800000
2288 0.166667
2289 0.458333
2290 0.450000
2291 0.253561
2292 0.648077
2293 0.351207
2294 0.214049
2295 0.185833
2296 0.266667
2297 1.000000
2298 0.066667
2299 0.500000
2300 0.405656
2301 0.450284
2302 0.526316
2303 0.232659
2304 0.456349
2305 0.251852
2306 0.250000
2307 0.652381
2308 0.375000
2309 0.208333
2310 0.511905
2311 0.444444
2312 0.250000
2313 0.423219
2314 0.401584
2315 0.370279
2316 0.632465
2317 0.407155
2318 0.666667
2319 1.000000
2320 0.700000
2321 0.733333
2322 0.690476
2323 0.720000
2324 0.498095
2325 0.800000
2326 0.500000
2327 0.687500
2328 0.353417
2329 0.180000
2330 0.321429
2331 0.257937
2332 0.322917
2333 0.236508
2334 0.186275
2335 0.885000
2336 0.628571
2337 0.555556
2338 0.400000
2339 0.500000
2340 0.513420
2341 0.464052
2342 0.367965
2343 0.263776
2344 0.583333
2345 0.700000
2346 0.737500
2347 0.555556
2348 0.442500
2349 0.760000
2350 0.562637
2351 0.523529
2352 0.352222
2353 0.285714
2354 0.378078
2355 0.247475
2356 0.400000
2357 0.208333
2358 0.500000
2359 0.500000
2360 1.000000
2361 0.600000
2362 0.642857
2363 0.566667
2364 0.875000
2365 0.215179
2366 0.173333
2367 0.340994
2368 0.150000
2369 0.133333
2370 0.180000
2371 0.400000
2372 0.343750
2373 0.343750
2374 0.333333
2375 0.100000
2376 0.078125
2377 0.043956
2378 0.035714
2379 0.321429
2380 0.146825
2381 0.416667
2382 0.200000
2383 0.666667
2384 0.083333
2385 0.310606
2386 0.277778
2387 0.100000
2388 0.305556
2389 0.458791
2390 0.367857
2391 0.136538
2392 0.617284
2393 0.672619
2394 0.312500
2395 0.428571
2396 0.166667
2397 0.321429
2398 0.375000
2399 0.117216
2400 0.037153
2401 0.609504
2402 0.166667
2403 0.288889
2404 0.333333
2405 0.266667
2406 0.400000
2407 0.533255
2408 0.619048
2409 0.525926
2410 0.510204
2411 0.144444
2412 0.541667
2413 0.333333
2414 0.600000
2415 0.114286
2416 0.500000
2417 0.440000
2418 0.127866
2419 0.171429
2420 0.833333
2421 0.333333
2422 0.257937
2423 0.600000
2424 0.619048
2425 0.836735
2426 0.257143
2427 0.523810
2428 0.125000
2429 0.500000
2430 0.305128
2431 0.666667
2432 1.000000
2433 0.833333
2434 1.000000
2435 0.500000
2436 0.660714
2437 0.368734
2438 0.526545
2439 0.473923
2440 0.616097
2441 0.300000
2442 0.892857
2443 0.885714
2444 0.566667
2445 0.809524
2446 0.857143
2447 0.857143
2448 0.666667
2449 0.714286
2450 0.836735
2451 0.680000
2452 0.800000
2453 0.538807
2454 0.183673
2455 0.689061
2456 1.000000
2457 0.500000
2458 0.333333
2459 0.500000
2460 1.000000
2461 0.571429
2462 0.666667
2463 0.375000
2464 0.500000
2465 0.458333
2466 0.625000
2467 0.518519
2468 0.489286
2469 0.750000
2470 1.000000
2471 1.000000
2472 0.000000
2473 0.750000
2474 0.687500
2475 0.500000
2476 0.000000
2477 0.525974
2478 0.294192
2479 0.589808
2480 0.425874
2481 0.594406
2482 0.062500
2483 0.020833
2484 0.200000
2485 0.220238
2486 0.243056
2487 0.088889
2488 0.250000
2489 0.538027
2490 0.515152
2491 0.630303
2492 0.533866
2493 0.801786
2494 0.500000
2495 0.666667
2496 0.666667
2497 0.604167
2498 0.851852
2499 0.709280
2500 0.585714
2501 0.562500
2502 0.666667
2503 0.800000
2504 0.285714
2505 0.750000
2506 0.321429
2507 0.125000
2508 0.198413
2509 0.329412
2510 0.370833
2511 0.635802
2512 0.457143
2513 0.450000
2514 0.250000
2515 0.666667
2516 0.514286
2517 0.166667
2518 0.357143
2519 0.266667
2520 0.333333
2521 0.527778
2522 0.666667
2523 0.466667
2524 0.166667
2525 0.666667
2526 0.348214
2527 0.286691
2528 0.266234
2529 0.164474
2530 0.290909
2531 0.035714
2532 0.600000
2533 0.500000
2534 0.833333
2535 1.000000
2536 1.000000
2537 0.333333
2538 0.333333
2539 0.250000
2540 0.250000
2541 0.600000
2542 0.523810
2543 0.400000
2544 0.857143
2545 0.175600
2546 0.477946
2547 0.145202
2548 0.642424
2549 0.575350
2550 0.500000
2551 0.500000
2552 0.500000
2553 0.750000
2554 1.000000
2555 0.750000
2556 0.750000
2557 0.750000
2558 0.666667
2559 0.750000
2560 0.296703
2561 0.647399
2562 0.215556
2563 0.316667
2564 0.521429
2565 0.458333
2566 0.566667
2567 0.400000
2568 0.966667
2569 0.539286
2570 0.640000
2571 0.357143
2572 0.457143
2573 0.550000
2574 1.000000
2575 0.250000
2576 0.500000
2577 0.833333
2578 0.750000
2579 0.500000
2580 0.500000
2581 0.087413
2582 0.200000
2583 0.057471
2584 0.416667
2585 0.074545
2586 0.375000
2587 0.750000
2588 0.750000
2589 0.400000
2590 0.233333
2591 0.492064
2592 0.142857
2593 0.500000
2594 0.666667
2595 0.416667
2596 0.555556
2597 0.470899
2598 0.616162
2599 0.491667
2600 0.833333
2601 0.900000
2602 0.000000
2603 0.083333
2604 0.500000
2605 0.416667
2606 0.125000
2607 0.444444
2608 0.034341
2609 0.030000
2610 0.051332
2611 0.015385
2612 0.083333
2613 1.000000
2614 0.087121
2615 0.347222
2616 0.166667
2617 0.328947
2618 0.000000
2619 0.025641
2620 0.069748
2621 0.300000
2622 0.000000
2623 0.292593
2624 0.000000
2625 1.000000
2626 0.833333
2627 0.500000
2628 0.760000
2629 0.966667
2630 1.000000
2631 0.458333
2632 0.722222
2633 0.005556
2634 1.000000
2635 0.041667
2636 0.250000
2637 0.125000
2638 0.000000
2639 0.718750
2640 0.633333
2641 0.517857
2642 0.283333
2643 0.475000
2644 0.075862
2645 0.034749
2646 0.038826
2647 0.220000
2648 0.052381
2649 0.330420
2650 0.123077
2651 0.288889
2652 0.286325
2653 0.296296
2654 0.125000
2655 0.416667
2656 0.500000
2657 0.300000
2658 0.400000
2659 0.125000
2660 0.125000
2661 0.453333
2662 0.446429
2663 0.225000
2664 0.219298
2665 0.495312
2666 0.193333
2667 0.416667
2668 0.272727
2669 0.553571
2670 0.196678
2671 0.174359
2672 0.278926
2673 0.103175
2674 0.066667
2675 0.142857
2676 0.125000
2677 0.416667
2678 0.000000
2679 0.320937
2680 0.349282
2681 0.300000
2682 0.200000
2683 0.354167
2684 0.482143
2685 0.269841
2686 0.500000
2687 0.467330
2688 0.357143
2689 0.506410
2690 0.277778
2691 0.371684
2692 0.175000
2693 0.153846
2694 0.400595
2695 0.128205
2696 0.000000
2697 0.103641
2698 0.181818
2699 0.055556
2700 0.307692
2701 0.666667
2702 0.428571
2703 0.175000
2704 1.000000
2705 0.650000
2706 1.000000
2707 0.277778
2708 0.416667
2709 1.000000
2710 0.750000
2711 0.500000
2712 0.800000
2713 0.750000
2714 0.458333
2715 1.000000
2716 0.250000
2717 0.500000
2718 0.530000
2719 0.333333
2720 0.388889
2721 1.000000
2722 0.285714
2723 0.427083
2724 0.888889
2725 0.736111
2726 0.595238
2727 0.201563
2728 0.200617
2729 0.349334
2730 0.354167
2731 0.272727
2732 0.357143
2733 0.666667
2734 0.666667
2735 0.603175
2736 0.616162
2737 0.619048
2738 0.500000
2739 0.491382
2740 0.592857
2741 0.428571
2742 0.428571
2743 0.666667
2744 0.465873
2745 0.510204
2746 0.333333
2747 0.720000
2748 0.166667
2749 0.142857
2750 0.125000
2751 0.555556
2752 0.555556
2753 0.666667
2754 0.666667
2755 0.555556
2756 0.166667
2757 0.720000
2758 0.666667
2759 0.386667
2760 0.833333
2761 0.952381
2762 0.640000
2763 0.719048
2764 0.250000
2765 0.166667
2766 0.250000
2767 0.191991
2768 0.530065
2769 0.244792
2770 0.722917
2771 0.227273
2772 0.876543
2773 0.474490
2774 0.690476
2775 0.738095
2776 0.596939
2777 0.277778
2778 0.222222
2779 0.357143
2780 0.459821
2781 0.428571
2782 0.266667
2783 0.518519
2784 0.261905
2785 0.055556
2786 0.322222
2787 0.420635
2788 1.000000
2789 0.333333
2790 0.800000
2791 0.500000
2792 0.600000
2793 0.550000
2794 0.100000
2795 0.416667
2796 0.333333
2797 0.187500
2798 0.358466
2799 0.311078
2800 0.363946
2801 0.629630
2802 0.534821
2803 0.513889
2804 0.494697
2805 0.714286
2806 0.416667
2807 0.396825
2808 0.200000
2809 0.013158
2810 0.140000
2811 0.250000
2812 0.516253
2813 0.555556
2814 0.250000
2815 0.297619
2816 0.694215
2817 0.750000
2818 0.550000
2819 0.428571
2820 0.523810
2821 0.755556
2822 0.112179
2823 0.200000
2824 0.416667
2825 0.250000
2826 0.180000
2827 0.120370
2828 0.152419
2829 0.192424
2830 0.269231
2831 0.085714
2832 0.187500
2833 0.208333
2834 0.000000
2835 0.100000
2836 0.100000
2837 0.034161
2838 0.000000
2839 0.038462
2840 0.433333
2841 0.458333
2842 0.214286
2843 0.263492
2844 0.393939
2845 0.439815
2846 1.000000
2847 0.333333
2848 0.380952
2849 0.173333
2850 0.229167
2851 0.275362
2852 0.360235
2853 1.000000
2854 0.142857
2855 0.176471
2856 0.235294
2857 0.509091
2858 0.269185
2859 0.333333
2860 0.328431
2861 1.000000
2862 0.333333
2863 0.760000
2864 0.528125
2865 0.469231
2866 0.450000
2867 0.523077
2868 0.701299
2869 0.583488
2870 0.663492
2871 0.392857
2872 0.550000
2873 0.142857
2874 0.696429
2875 0.833333
2876 1.000000
2877 0.800000
2878 1.000000
2879 0.611111
2880 0.866667
2881 1.000000
2882 0.833333
2883 0.833333
2884 0.190476
2885 1.000000
2886 0.500000
2887 0.916667
2888 1.000000
2889 0.500000
2890 0.833333
2891 0.500000
2892 1.000000
2893 1.000000
2894 1.000000
2895 1.000000
2896 1.000000
2897 0.377609
2898 0.233333
2899 0.406349
2900 0.449275
2901 0.457292
2902 0.600000
2903 0.750000
2904 0.857143
2905 0.800000
2906 0.555556
2907 0.428571
2908 0.458333
2909 0.604167
2910 0.775510
2911 0.850000
2912 0.500000
2913 0.083333
2914 0.555556
2915 0.083333
2916 0.250000
2917 0.312500
2918 0.200000
2919 0.666667
2920 1.000000
2921 0.555556
2922 1.000000
2923 1.000000
2924 0.500000
2925 1.000000
2926 0.750000
2927 0.500000
2928 0.633333
2929 0.125000
2930 0.666667
2931 0.431818
2932 0.436508
2933 0.379167
2934 0.718750
2935 0.452381
2936 0.843750
2937 0.444444
2938 0.600000
2939 0.777778
2940 0.579545
2941 0.440476
2942 0.178571
2943 0.295455
2944 0.120301
2945 0.000000
2946 0.777778
2947 0.714286
2948 0.857143
2949 0.750000
2950 0.714286
2951 0.370370
2952 0.420833
2953 0.394872
2954 0.501538
2955 0.500000
2956 0.246032
2957 0.267857
2958 0.142857
2959 0.750000
2960 0.600000
2961 0.633333
2962 0.750000
2963 0.750000
2964 0.916667
2965 0.500000
2966 0.333333
2967 1.000000
2968 1.000000
2969 0.666667
2970 0.500000
2971 0.374494
2972 0.068182
2973 0.536667
2974 0.250982
2975 0.374444
2976 0.155556
2977 0.437500
2978 0.236364
2979 0.362951
2980 0.238095
2981 0.314286
2982 0.416667
2983 0.319549
2984 0.218968
2985 0.186364
2986 1.000000
2987 1.000000
2988 1.000000
2989 1.000000
2990 0.277778
2991 0.000000
2992 1.000000
2993 1.000000
2994 1.000000
2995 0.054012
2996 0.343750
2997 0.228566
2998 0.077083
2999 0.217460
3000 0.666667
3001 1.000000
3002 0.833333
3003 1.000000
3004 0.862857
3005 0.600000
3006 0.281250
3007 0.400000
3008 0.333333
3009 0.333333
3010 0.500000
3011 0.500000
3012 0.500000
3013 0.500000
3014 0.805556
3015 1.000000
3016 0.966667
3017 1.000000
3018 1.000000
3019 0.333333
3020 1.000000
3021 1.000000
3022 0.491071
3023 0.585714
3024 0.537037
3025 0.638889
3026 0.364559
3027 0.500000
3028 1.000000
3029 0.000000
3030 0.288889
3031 0.180000
3032 0.242424
3033 0.318681
3034 0.533333
3035 0.200000
3036 0.300000
3037 0.533333
3038 0.450000
3039 0.533333
3040 1.000000
3041 1.000000
3042 0.250000
3043 1.000000
3044 0.000000
3045 0.866667
3046 0.635065
3047 0.267829
3048 0.416667
3049 0.125000
3050 0.320000
3051 0.625000
3052 0.208333
3053 0.750000
3054 0.516667
3055 1.000000
3056 0.277778
3057 1.000000
3058 0.833333
3059 0.833333
3060 0.166667
3061 0.500000
3062 0.280000
3063 0.738095
3064 0.777778
3065 0.833333
3066 0.946429
3067 0.875000
3068 0.600000
3069 0.159664
3070 0.392593
3071 0.316071
3072 0.260000
3073 0.328125
3074 0.160000
3075 0.085238
3076 0.187500
3077 0.375000
3078 0.531250
3079 0.800000
3080 0.857143
3081 0.750000
3082 0.179167
3083 0.251587
3084 0.470529
3085 0.405844
3086 1.000000
3087 1.000000
3088 1.000000
3089 1.000000
3090 1.000000
3091 0.750000
3092 0.500000
3093 0.500000
3094 0.666667
3095 0.666667
3096 0.166667
3097 1.000000
3098 1.000000
3099 0.833333
3100 1.000000
3101 1.000000
3102 0.458333
3103 0.600000
3104 1.000000
3105 1.000000
3106 1.000000
3107 1.000000
3108 0.226449
3109 0.093382
3110 0.119318
3111 0.175170
3112 0.375000
3113 0.400000
3114 0.900000
3115 0.333333
3116 0.200000
3117 0.371429
3118 0.333333
3119 0.188235
3120 0.000000
3121 0.555556
3122 1.000000
3123 1.000000
3124 0.833333
3125 0.500000
3126 1.000000
3127 0.500000
3128 0.541667
3129 0.666667
3130 0.900000
3131 0.444444
3132 0.666667
3133 1.000000
3134 0.666667
3135 0.800000
3136 0.950000
3137 1.000000
3138 0.857143
3139 0.611111
3140 0.500000
3141 0.309524
3142 0.600000
3143 0.777778
3144 0.260000
3145 0.250000
3146 0.250000
3147 0.416667
3148 0.323232
3149 0.200000
3150 0.301190
3151 0.482639
3152 0.410701
3153 0.666667
3154 0.916667
3155 0.555556
3156 0.500000
3157 0.333333
3158 0.417045
3159 0.301587
3160 0.400000
3161 0.083333
3162 0.100000
3163 0.357143
3164 0.281250
3165 0.095238
3166 0.190476
3167 0.800000
3168 0.520000
3169 0.270833
3170 0.069118
3171 0.284314
3172 0.600000
3173 0.600000
3174 1.000000
3175 0.598291
3176 0.600000
3177 0.392857
3178 0.540404
3179 0.666667
3180 0.900000
3181 0.666667
3182 0.416667
3183 0.666667
3184 0.250000
3185 0.250000
3186 0.333333
3187 0.375000
3188 0.333333
3189 0.600000
3190 0.666667
3191 0.750000
3192 1.000000
3193 0.164706
3194 0.400000
3195 0.440724
3196 0.282540
3197 0.333333
3198 0.800000
3199 0.785714
3200 0.433333
3201 0.805556
3202 0.900000
3203 0.333333
3204 1.000000
3205 0.333333
3206 0.125000
3207 0.750000
3208 0.000000
3209 1.000000
3210 1.000000
3211 1.000000
3212 0.500000
3213 0.500000
3214 0.500000
3215 0.500000
3216 0.500000
3217 0.250000
3218 1.000000
3219 1.000000
3220 0.000000
3221 0.000000
3222 0.320437
3223 0.533333
3224 0.315341
3225 0.600000
3226 0.433333
3227 0.750000
3228 0.902778
3229 0.760000
3230 1.000000
3231 0.950000
3232 0.160000
3233 0.138889
3234 0.387500
3235 0.475000
3236 0.732143
3237 0.433333
3238 0.800000
3239 0.500000
3240 1.000000
3241 0.666667
3242 0.444444
3243 0.755556
3244 1.000000
3245 1.000000
3246 0.700000
3247 0.916667
3248 0.750000
3249 0.166667
3250 1.000000
3251 0.333333
3252 1.000000
3253 0.470238
3254 0.395960
3255 0.690476
3256 0.333333
3257 0.000000
3258 0.666667
3259 1.000000
3260 0.500000
3261 0.192046
3262 0.583333
3263 0.363636
3264 0.458333
3265 0.100000
3266 0.500000
3267 0.600000
3268 0.416667
3269 0.527778
3270 0.634286
3271 0.500000
3272 0.400000
3273 0.375000
3274 0.523810
3275 0.650000
3276 0.555556
3277 0.555556
3278 0.666667
3279 0.833333
3280 0.555556
3281 0.500000
3282 0.566667
3283 0.000000
3284 1.000000
3285 0.000000
3286 0.366667
3287 0.315104
3288 0.518833
3289 0.375000
3290 0.218750
3291 0.541667
3292 0.265909
3293 0.166667
3294 0.277778
3295 0.125000
3296 0.555556
3297 0.666667
3298 0.816327
3299 0.555556
3300 0.795918
3301 0.166667
3302 0.260418
3303 0.375457
3304 0.500000
3305 0.266667
3306 0.200000
3307 1.000000
3308 0.125000
3309 0.750000
3310 1.000000
3311 0.200000
3312 0.500000
3313 0.500000
3314 0.444444
3315 0.312500
3316 0.500000
3317 0.392857
3318 0.428571
3319 0.166667
3320 0.800000
3321 0.050000
3322 0.200000
3323 0.404762
3324 0.202797
3325 0.229167
3326 0.237245
3327 0.496032
3328 0.380952
3329 0.640000
3330 0.411458
3331 0.425000
3332 0.830357
3333 0.805556
3334 0.500000
3335 0.500000
3336 0.800000
3337 0.000000
3338 0.333333
3339 1.000000
3340 0.083333
3341 0.125000
3342 0.214015
3343 0.125874
3344 0.227500
3345 0.500000
3346 0.207407
3347 0.491518
3348 0.428571
3349 0.866667
3350 0.430219
3351 0.594697
3352 1.000000
3353 1.000000
3354 1.000000
3355 1.000000
3356 0.500000
3357 1.000000
3358 0.514286
3359 0.520000
3360 1.000000
3361 1.000000
3362 1.000000
3363 1.000000
3364 0.333333
3365 1.000000
3366 1.000000
3367 0.666667
3368 0.166667
3369 1.000000
3370 0.666667
3371 1.000000
3372 0.442460
3373 0.388889
3374 0.112063
3375 0.231336
3376 0.061111
3377 0.062500
3378 0.750000
3379 0.000000
3380 0.266667
3381 1.000000
3382 0.091014
3383 0.387879
3384 1.000000
3385 0.158730
3386 0.083333
3387 0.000000
3388 1.000000
3389 1.000000
3390 1.000000
3391 0.152778
3392 0.166667
3393 0.759259
3394 0.622222
3395 0.514286
3396 0.564286
3397 0.611111
3398 0.760000
3399 0.678571
3400 0.750000
3401 0.190476
3402 0.750000
3403 0.833333
3404 0.666667
3405 0.833333
3406 0.250000
3407 0.377778
3408 0.430556
3409 0.400000
3410 0.377778
3411 0.461905
3412 0.283333
3413 0.475000
3414 0.000000
3415 0.166667
3416 0.718750
3417 0.357639
3418 0.523810
3419 0.666667
3420 0.666667
3421 0.866667
3422 0.444444
3423 0.000000
3424 0.666667
3425 0.666667
3426 0.368783
3427 0.168019
3428 0.184211
3429 0.278680
3430 0.194783
3431 0.687500
3432 0.255102
3433 0.146667
3434 0.456410
3435 0.189542
3436 0.300960
3437 0.171503
3438 0.163549
3439 0.182609
3440 0.448889
3441 0.750000
3442 0.750000
3443 0.416667
3444 0.444444
3445 0.562500
3446 0.714286
3447 0.444444
3448 0.450649
3449 0.440243
3450 0.274510
3451 1.000000
3452 1.000000
3453 0.950000
3454 1.000000
3455 0.833333
3456 0.416667
3457 0.222727
3458 0.312605
3459 0.384615
3460 0.260000
3461 0.805556
3462 0.857143
3463 0.843750
3464 0.883333
3465 0.571429
3466 0.551020
3467 0.166667
3468 0.416667
3469 0.531250
3470 0.552910
3471 0.185185
3472 0.413580
3473 0.727891
3474 0.371795
3475 0.805556
3476 0.333333
3477 0.333333
3478 0.916667
3479 0.698413
3480 0.112128
3481 0.400476
3482 0.223529
3483 0.176431
3484 0.491720
3485 0.200000
3486 0.100000
3487 0.600000
3488 0.200000
3489 0.133333
3490 0.276190
3491 0.327273
3492 0.666667
3493 0.450000
3494 0.843750
3495 0.500000
3496 0.000000
3497 0.000000
3498 0.166667
3499 0.361111
3500 0.333333
3501 0.666667
3502 0.500000
3503 1.000000
3504 0.134783
3505 0.012821
3506 0.322917
3507 0.050000
3508 0.090909
3509 0.040000
3510 0.037037
3511 0.125000
3512 0.040000
3513 1.000000
3514 1.000000
3515 1.000000
3516 1.000000
3517 1.000000
3518 1.000000
3519 1.000000
3520 1.000000
3521 0.500000
3522 1.000000
3523 1.000000
3524 1.000000
3525 1.000000
3526 1.000000
3527 1.000000
3528 1.000000
3529 1.000000
3530 0.500000
3531 0.000000
3532 0.000000
3533 0.233927
3534 0.375000
3535 0.316896
3536 0.191358
3537 0.250000
3538 0.336257
3539 0.305970
3540 0.246609
3541 0.462471
3542 0.557851
3543 0.250000
3544 0.561538
3545 0.454464
3546 0.333333
3547 0.250000
3548 0.000000
3549 0.250000
3550 0.000000
3551 0.444444
3552 0.050000
3553 0.201412
3554 0.111111
3555 0.083333
3556 0.082353
3557 0.102826
3558 0.237544
3559 0.102395
3560 0.091435
3561 0.048077
3562 0.075000
3563 0.189474
3564 0.059524
3565 0.000000
3566 0.086247
3567 0.037594
3568 0.151169
3569 0.150641
3570 0.136842
3571 0.046000
3572 0.340659
3573 0.479487
3574 0.337302
3575 0.453846
3576 0.515385
3577 0.029412
3578 0.037037
3579 0.278571
3580 0.105173
3581 0.290404
3582 0.136667
3583 0.107937
3584 0.500000
3585 0.436075
3586 0.392857
3587 0.606268
3588 0.507597
3589 0.615385
3590 0.476190
3591 0.750000
3592 0.125000
3593 1.000000
3594 1.000000
3595 1.000000
3596 0.305556
3597 0.833333
3598 0.500000
3599 1.000000
3600 0.000000
3601 0.500000
3602 0.000000
3603 0.582888
3604 1.000000
3605 1.000000
3606 1.000000
3607 0.000000
3608 0.421667
3609 0.578125
3610 0.450000
3611 0.500000
3612 0.500000
3613 0.833333
3614 0.500000
3615 0.250000
3616 1.000000
3617 0.500000
3618 0.333333
3619 0.247126
3620 0.483333
3621 0.611111
3622 0.126648
3623 0.204396
3624 0.088993
3625 0.750000
3626 0.333333
3627 0.500000
3628 0.305556
3629 0.231590
3630 0.141667
3631 0.520000
3632 0.229167
3633 0.633333
3634 0.350000
3635 0.100000
3636 0.212500
3637 0.066667
3638 0.222222
3639 0.030075
3640 0.052995
3641 0.150000
3642 0.485795
3643 0.145299
3644 0.259019
3645 0.197500
3646 0.589569
3647 0.687500
3648 1.000000
3649 0.800000
3650 0.950000
3651 0.500000
3652 1.000000
3653 1.000000
3654 1.000000
3655 0.000000
3656 1.000000
3657 1.000000
3658 0.180576
3659 0.447958
3660 0.212179
3661 0.309524
3662 0.600000
3663 0.800000
3664 0.450000
3665 0.800000
3666 0.666667
3667 0.133333
3668 0.160985
3669 0.119617
3670 0.189782
3671 0.423280
3672 0.000000
3673 0.176471
3674 0.095238
3675 0.066667
3676 0.173611
3677 1.000000
3678 0.500000
3679 0.000000
3680 1.000000
3681 1.000000
3682 1.000000
3683 1.000000
3684 1.000000
3685 0.500000
3686 1.000000
3687 1.000000
3688 1.000000
3689 1.000000
3690 1.000000
3691 1.000000
3692 1.000000
3693 1.000000
3694 1.000000
3695 1.000000
3696 1.000000
3697 0.265256
3698 1.000000
3699 0.000000
3700 1.000000
3701 1.000000
3702 0.300361
3703 0.166667
3704 0.452348
3705 0.142857
3706 1.000000
3707 1.000000
3708 1.000000
3709 0.000000
3710 0.402778
3711 0.229025
3712 0.108333
3713 0.367347
3714 0.588384
3715 0.369748
3716 0.376263
3717 0.768736
3718 0.166667
3719 0.448980
3720 0.513889
3721 0.416667
3722 0.752381
3723 0.324370
3724 0.242705
3725 0.152299
3726 0.131025
3727 0.129870
3728 0.332365
3729 0.193333
3730 0.119048
3731 0.208167
3732 0.306777
3733 0.327619
3734 0.921429
3735 0.203704
3736 0.442597
3737 0.277778
3738 0.366667
3739 0.707579
3740 0.829365
3741 1.000000
3742 0.950000
3743 0.855556
3744 0.126623
3745 0.315000
3746 0.457143
3747 0.271429
3748 0.302721
3749 1.000000
3750 0.377778
3751 0.440000
3752 0.375000
3753 1.000000
3754 0.586364
3755 0.690476
3756 0.339286
3757 0.600000
3758 0.666667
3759 0.451429
3760 0.500000
3761 0.333333
3762 0.581732
3763 0.333333
3764 0.040000
3765 0.008621
3766 0.152778
3767 0.098739
3768 0.122242
3769 0.043956
3770 0.095238
3771 0.000000
3772 0.750000
3773 0.200000
3774 0.750000
3775 0.227273
3776 0.050000
3777 0.200000
3778 0.280000
3779 0.371429
3780 0.250000
3781 0.553270
3782 0.744444
3783 0.378322
3784 0.589286
3785 0.650794
3786 0.000000
3787 0.000000
3788 0.000000
3789 0.000000
3790 0.250000
3791 0.428571
3792 0.316667
3793 0.366071
3794 0.428571
3795 0.479167
3796 0.070833
3797 0.126511
3798 0.312410
3799 0.138889
3800 0.105063
3801 1.000000
3802 1.000000
3803 0.555556
3804 0.466667
3805 0.154497
3806 0.097222
3807 0.097701
3808 0.475057
3809 0.121538
3810 1.000000
3811 0.500000
3812 0.666667
3813 0.666667
3814 0.600000
3815 1.000000
3816 0.625000
3817 0.741667
3818 0.583333
3819 0.000000
3820 0.414352
3821 0.491071
3822 0.412016
3823 0.580357
3824 0.369345
3825 0.456710
3826 0.307018
3827 0.375779
3828 0.441474
3829 0.306667
3830 0.312834
3831 0.453315
3832 0.427083
3833 0.033333
3834 0.272059
3835 0.157895
3836 0.294118
3837 0.555556
3838 0.666667
3839 0.666667
3840 0.400000
3841 0.166667
3842 0.250000
3843 0.520000
3844 0.600000
3845 0.857143
3846 1.000000
3847 0.666667
3848 1.000000
3849 0.400000
3850 0.333333
3851 0.428571
3852 0.610714
3853 0.500000
3854 1.000000
3855 1.000000
3856 1.000000
3857 0.666667
3858 0.180000
3859 0.333333
3860 0.500000
3861 0.500000
3862 1.000000
3863 0.777778
3864 0.000000
3865 1.000000
3866 0.333333
3867 0.270303
3868 0.262594
3869 0.370833
3870 0.468992
3871 0.100000
3872 0.426190
3873 0.711111
3874 0.305556
3875 0.625974
3876 0.819444
3877 0.461538
3878 0.636364
3879 0.620370
3880 0.552083
3881 0.562500
3882 0.500000
3883 0.666667
3884 1.000000
3885 0.500000
3886 0.356481
3887 0.062500
3888 0.687500
3889 0.700000
3890 0.450758
3891 0.429167
3892 0.637500
3893 0.964286
3894 0.520000
3895 0.574405
3896 0.693362
3897 0.288889
3898 0.227273
3899 0.181818
3900 0.357143
3901 0.416667
3902 0.500000
3903 0.625000
3904 0.236859
3905 0.206459
3906 0.357143
3907 0.320521
3908 0.604167
3909 0.493344
3910 0.479545
3911 0.329952
3912 0.250000
3913 0.625000
3914 0.634921
3915 0.950000
3916 0.583333
3917 0.333333
3918 0.166667
3919 0.720000
3920 1.000000
3921 1.000000
3922 0.972222
3923 0.857143
3924 0.500000
3925 0.333333
3926 0.166667
3927 0.160000
3928 0.666667
3929 1.000000
3930 1.000000
3931 1.000000
3932 0.300989
3933 0.271242
3934 0.240949
3935 0.402890
3936 0.632653
3937 0.947941
3938 0.797436
3939 0.859596
3940 0.715873
3941 0.666667
3942 0.433333
3943 0.866667
3944 0.500000
3945 1.000000
3946 1.000000
3947 1.000000
3948 0.833333
3949 1.000000
3950 0.666667
3951 1.000000
3952 0.600000
3953 0.400000
3954 0.133333
3955 0.809158
3956 0.642857
3957 0.503497
3958 0.443750
3959 0.182292
3960 0.148551
3961 0.148611
3962 0.121795
3963 1.000000
3964 0.555556
3965 0.805556
3966 0.157143
3967 0.196970
3968 0.600000
3969 0.587755
3970 0.416667
3971 0.666667
3972 0.371111
3973 0.285714
3974 0.375000
3975 0.357143
3976 0.687500
3977 0.500000
3978 0.666667
3979 0.490741
3980 0.458333
3981 0.104167
3982 0.158730
3983 0.132212
3984 0.103846
3985 0.299320
3986 0.440000
3987 0.250000
3988 0.200000
3989 0.454545
3990 0.600000
3991 0.458333
3992 0.337821
3993 0.750000
3994 0.666667
3995 0.564815
3996 0.800000
3997 0.833333
3998 0.600000
3999 0.500000
4000 0.857143
4001 0.833333
4002 0.555556
4003 0.500000
4004 0.500000
4005 0.500000
4006 0.453125
4007 0.323810
4008 0.750000
4009 1.000000
4010 0.333333
4011 0.333333
4012 0.382107
4013 0.428571
4014 0.555844
4015 0.250000
4016 0.321429
4017 0.425000
4018 0.375000
4019 0.250000
4020 0.750000
4021 0.333333
4022 0.250000
4023 0.333333
4024 0.375000
4025 0.666667
4026 0.600000
4027 0.666667
4028 0.100000
4029 0.166667
4030 0.178571
4031 0.444444
4032 0.425000
4033 0.800000
4034 0.343750
4035 0.600000
4036 0.343750
4037 0.142857
4038 0.416667
4039 0.678571
4040 0.377778
4041 0.687500
4042 0.237245
4043 0.291667
4044 0.183550
4045 0.502646
4046 0.433333
4047 0.330070
4048 0.857143
4049 0.542857
4050 0.301948
4051 0.142857
4052 0.173701
4053 0.105424
4054 1.000000
4055 0.000000
4056 1.000000
4057 1.000000
4058 1.000000
4059 1.000000
4060 1.000000
4061 1.000000
4062 1.000000
4063 0.666667
4064 1.000000
4065 1.000000
4066 1.000000
4067 1.000000
4068 1.000000
4069 1.000000
4070 1.000000
4071 0.333333
4072 1.000000
4073 1.000000
4074 1.000000
4075 1.000000
4076 1.000000
4077 0.000000
4078 1.000000
4079 0.000000
4080 1.000000
4081 1.000000
4082 1.000000
4083 0.333333
4084 1.000000
4085 1.000000
4086 0.355569
4087 0.379062
4088 0.223602
4089 0.410895
4090 0.296478
4091 0.522727
4092 0.493507
4093 0.300000
4094 1.000000
4095 1.000000
4096 1.000000
4097 1.000000
4098 0.500000
4099 0.000000
4100 0.143098
4101 0.154558
4102 0.367965
4103 0.277778
4104 0.200000
4105 0.353175
4106 0.125307
4107 1.000000
4108 1.000000
4109 1.000000
4110 1.000000
4111 1.000000
4112 1.000000
4113 1.000000
4114 0.365972
4115 0.250000
4116 0.226500
4117 0.437500
4118 0.348214
4119 0.966667
4120 0.845000
4121 0.625000
4122 0.966667
4123 0.933333
4124 1.000000
4125 0.500000
4126 0.500000
4127 0.238095
4128 0.346939
4129 0.083333
4130 0.285714
4131 0.278788
4132 0.458333
4133 1.000000
4134 0.333333
4135 0.666667
4136 0.833333
4137 0.666667
4138 0.285714
4139 0.350000
4140 0.483333
4141 0.531250
4142 0.332051
4143 1.000000
4144 0.833333
4145 0.666667
4146 1.000000
4147 0.750000
4148 0.490000
4149 0.600000
4150 0.427778
4151 0.400000
4152 0.483117
4153 0.200000
4154 0.281250
4155 1.000000
4156 0.750000
4157 0.450000
4158 0.500000
4159 1.000000
4160 0.950000
4161 0.761905
4162 0.333333
4163 0.550000
4164 0.333333
4165 0.350000
4166 0.750000
4167 0.000000
4168 0.250000
4169 1.000000
4170 0.154589
4171 0.215278
4172 0.307093
4173 0.163690
4174 0.334091
4175 0.279885
4176 0.300312
4177 0.176044
4178 0.137918
4179 1.000000
4180 0.248466
4181 0.228571
4182 0.220844
4183 0.217687
4184 0.503704
4185 0.950000
4186 0.700000
4187 1.000000
4188 1.000000
4189 0.777778
4190 0.575758
4191 0.183673
4192 0.475000
4193 0.598485
4194 0.031250
4195 0.444444
4196 1.000000
4197 0.809524
4198 0.916667
4199 0.750000
4200 0.483333
4201 0.664286
4202 0.458333
4203 0.687500
4204 0.360000
4205 0.500000
4206 0.727273
4207 0.523810
4208 0.600000
4209 0.714286
4210 0.550000
4211 0.550000
4212 0.208333
4213 0.285714
4214 0.824286
4215 0.338843
4216 0.398268
4217 1.000000
4218 1.000000
4219 0.833333
4220 0.875000
4221 1.000000
4222 1.000000
4223 1.000000
4224 1.000000
4225 1.000000
4226 1.000000
4227 0.197917
4228 0.187500
4229 0.190476
4230 0.083333
4231 0.121222
4232 0.095238
4233 0.110119
4234 0.121212
4235 1.000000
4236 1.000000
4237 0.139053
4238 0.489583
4239 0.472013
4240 0.291799
4241 0.166667
4242 0.166667
4243 0.166667
4244 0.208333
4245 0.357143
4246 0.125000
4247 0.361111
4248 0.250000
4249 0.125000
4250 0.416667
4251 0.450000
4252 0.666667
4253 0.607143
4254 0.666667
4255 0.800000
4256 0.032895
4257 0.037037
4258 0.196726
4259 0.257006
4260 0.928571
4261 0.836735
4262 0.928571
4263 0.222222
4264 0.062500
4265 0.500000
4266 0.809524
4267 0.111111
4268 0.000000
4269 0.357143
4270 0.083333
4271 0.377778
4272 0.200000
4273 0.966667
4274 0.600000
4275 0.600000
4276 1.000000
4277 0.714286
4278 0.420455
4279 0.000000
4280 0.333333
4281 0.666667
4282 0.666667
4283 1.000000
4284 1.000000
4285 0.500000
4286 0.090000
4287 0.251323
4288 0.261905
4289 0.375000
4290 0.240741
4291 0.044444
4292 0.234375
4293 0.800000
4294 0.333333
4295 0.750000
4296 0.800000
4297 0.833333
4298 0.750000
4299 0.166667
4300 0.333333
4301 0.800000
4302 0.800000
4303 0.714286
4304 0.800000
4305 0.833333
4306 0.633333
4307 0.458333
4308 0.400000
4309 0.400000
4310 0.400000
4311 0.575322
4312 0.482418
4313 0.336667
4314 0.428571
4315 0.650000
4316 0.333333
4317 0.475000
4318 0.357143
4319 0.333333
4320 1.000000
4321 0.333333
4322 0.213768
4323 0.293778
4324 0.187269
4325 0.029630
4326 0.106667
4327 0.525510
4328 1.000000
4329 0.805556
4330 0.720000
4331 0.800000
4332 0.500000
4333 0.333333
4334 0.333333
4335 0.500000
4336 0.333333
4337 0.555556
4338 0.400000
4339 0.555556
4340 1.000000
4341 0.800000
4342 0.333333
4343 0.500000
4344 0.333333
4345 0.188095
4346 0.431235
4347 0.250000
4348 0.466667
4349 0.443414
4350 0.312500
4351 0.806250
4352 0.732143
4353 0.571429
4354 0.833333
4355 0.750000
4356 0.349206
4357 0.733333
4358 0.550000
4359 0.375000
4360 0.690476
4361 0.750000
4362 0.542857
4363 0.395833
4364 0.416667
4365 0.000000
4366 0.250000
4367 0.100000
4368 0.416667
4369 0.554545
4370 0.511667
4371 0.750000
4372 0.809524
4373 0.652778
4374 1.000000
4375 0.213397
4376 0.800000
4377 0.375714
4378 0.626374
4379 0.446429
4380 0.428022
4381 0.488095
4382 0.253968
4383 0.448485
4384 0.475000
4385 1.000000
4386 1.000000
4387 1.000000
4388 1.000000
4389 1.000000
4390 0.285714
4391 0.732143
4392 0.475000
4393 0.194444
4394 0.866667
4395 0.300000
4396 0.280000
4397 0.500000
4398 0.750000
4399 0.000000
4400 0.333333
4401 1.000000
4402 0.714286
4403 0.870000
4404 0.312500
4405 1.000000
4406 0.836735
4407 0.112500
4408 0.171795
4409 0.236508
4410 0.142361
4411 0.650000
4412 0.350000
4413 0.500000
4414 0.500000
4415 0.047619
4416 0.338776
4417 0.500000
4418 0.250000
4419 0.400000
4420 0.600000
4421 0.478261
4422 0.444056
4423 0.509317
4424 0.600000
4425 0.512500
4426 0.321429
4427 0.394253
4428 0.401557
4429 0.714286
4430 0.166667
4431 0.333333
4432 0.000000
4433 0.555556
4434 0.537037
4435 0.760000
4436 0.375000
4437 0.571429
4438 0.500000
4439 1.000000
4440 0.000000
4441 0.500000
4442 0.500000
4443 0.500000
4444 0.000000
4445 0.333333
4446 0.125000
4447 0.500000
4448 0.500000
4449 0.222222
4450 0.000000
4451 0.875000
4452 0.200000
4453 0.250000
4454 1.000000
4455 1.000000
4456 1.000000
4457 1.000000
4458 1.000000
4459 1.000000
4460 1.000000
4461 1.000000
4462 1.000000
4463 1.000000
4464 1.000000
4465 1.000000
4466 0.400000
4467 0.835714
4468 0.392857
4469 0.666667
4470 0.562500
4471 1.000000
4472 1.000000
4473 1.000000
4474 1.000000
4475 1.000000
4476 0.453333
4477 0.666667
4478 0.875000
4479 1.000000
4480 0.481481
4481 0.454545
4482 0.409524
4483 0.404762
4484 0.227972
4485 0.350000
4486 0.821429
4487 0.550000
4488 0.857143
4489 0.728395
4490 0.833333
4491 0.750000
4492 0.785714
4493 1.000000
4494 1.000000
4495 1.000000
4496 0.966667
4497 0.650000
4498 0.571429
4499 0.750000
4500 0.277778
4501 0.305556
4502 0.500000
4503 1.000000
4504 0.442177
4505 0.306494
4506 0.208630
4507 0.109848
4508 0.275000
4509 0.500000
4510 0.062500
4511 0.166667
4512 0.136364
4513 0.267361
4514 0.074074
4515 0.422500
4516 0.100000
4517 0.185185
4518 0.775510
4519 0.833333
4520 0.720000
4521 0.664286
4522 0.708333
4523 0.619048
4524 0.475000
4525 0.687500
4526 0.666667
4527 0.593750
4528 0.519481
4529 0.727273
4530 0.400000
4531 1.000000
4532 0.428571
4533 0.750000
4534 0.333333
4535 0.733333
4536 0.090909
4537 0.071429
4538 0.062500
4539 0.500000
4540 0.666667
4541 0.367001
4542 0.402778
4543 0.370238
4544 0.475758
4545 0.581731
4546 0.583640
4547 0.387807
4548 0.147319
4549 0.107375
4550 0.389423
4551 0.118086
4552 0.119298
4553 0.247222
4554 0.416667
4555 0.278788
4556 0.311667
4557 0.405909
4558 1.000000
4559 1.000000
4560 1.000000
4561 1.000000
4562 1.000000
4563 1.000000
4564 1.000000
4565 1.000000
4566 0.500000
4567 0.333333
4568 1.000000
4569 0.000000
4570 1.000000
4571 1.000000
4572 1.000000
4573 1.000000
4574 1.000000
4575 0.333333
4576 0.690909
4577 1.000000
4578 0.594780
4579 0.829365
4580 0.585498
4581 0.159091
4582 0.384615
4583 0.325000
4584 0.396825
4585 0.142857
4586 0.392857
4587 0.333333
4588 1.000000
4589 0.170139
4590 0.400000
4591 0.800000
4592 0.500000
4593 0.307692
4594 0.479167
4595 0.592593
4596 0.523810
4597 0.750000
4598 1.000000
4599 1.000000
4600 1.000000
4601 0.258730
4602 0.656250
4603 0.193333
4604 0.170833
4605 0.288889
4606 1.000000
4607 1.000000
4608 1.000000
4609 1.000000
4610 0.500000
4611 0.261905
4612 0.500000
4613 0.333333
4614 0.083333
4615 0.111111
4616 0.166667
4617 0.227273
4618 0.750000
4619 0.581197
4620 0.274849
4621 0.228220
4622 0.525000
4623 0.588636
4624 0.415449
4625 0.221719
4626 0.337607
4627 0.480173
4628 0.444444
4629 0.440031
4630 0.642857
4631 0.714286
4632 0.266667
4633 0.833333
4634 0.760000
4635 0.833333
4636 0.600000
4637 0.587755
4638 0.805556
4639 0.340000
4640 0.166667
4641 0.000000
4642 0.240000
4643 0.000000
4644 0.764103
4645 0.329545
4646 0.400000
4647 0.714286
4648 0.750000
4649 0.875000
4650 0.250000
4651 0.555556
4652 0.000000
4653 0.550000
4654 0.185185
4655 0.392857
4656 0.385714
4657 0.231250
4658 0.403401
4659 0.162722
4660 0.516667
4661 0.976190
4662 0.666667
4663 0.800000
4664 0.732143
4665 1.000000
4666 1.000000
4667 1.000000
4668 1.000000
4669 1.000000
4670 1.000000
4671 1.000000
4672 0.450000
4673 0.750000
4674 0.500000
4675 1.000000
4676 1.000000
4677 0.250000
4678 0.391550
4679 0.406250
4680 0.334970
4681 0.500000
4682 0.299359
4683 0.805556
4684 0.403122
4685 0.777778
4686 0.800000
4687 0.500000
4688 0.833333
4689 0.697917
4690 0.571429
4691 0.583333
4692 0.386667
4693 0.047619
4694 0.062500
4695 0.341667
4696 0.477273
4697 0.066667
4698 0.041667
4699 0.250000
4700 0.300000
4701 0.339286
4702 0.000000
4703 1.000000
4704 1.000000
4705 0.166667
4706 0.500000
4707 0.000000
4708 1.000000
4709 0.000000
4710 0.338235
4711 0.185185
4712 0.136364
4713 0.236364
4714 1.000000
4715 0.614286
4716 0.785714
4717 0.752381
4718 0.490152
4719 0.657407
4720 0.625000
4721 0.750000
4722 0.666667
4723 0.555556
4724 0.547143
4725 0.300000
4726 0.260294
4727 0.733333
4728 0.600000
4729 0.416667
4730 0.593750
4731 0.192641
4732 0.138889
4733 0.235119
4734 0.212500
4735 0.350000
4736 0.326389
4737 0.454248
4738 0.636364
4739 0.250327
4740 0.833333
4741 0.741667
4742 0.589286
4743 0.977778
4744 0.066667
4745 0.036866
4746 0.056090
4747 0.193681
4748 0.351648
4749 0.125000
4750 1.000000
4751 0.375000
4752 0.100000
4753 0.200000
4754 0.256410
4755 0.551136
4756 0.566667
4757 0.460000
4758 0.566667
4759 0.513889
4760 0.333333
4761 0.083333
4762 0.250000
4763 0.125000
4764 0.250000
4765 0.000000
4766 0.288889
4767 0.375000
4768 0.333333
4769 0.768595
4770 0.750000
4771 0.500000
4772 0.250000
4773 0.800000
4774 0.321429
4775 0.205882
4776 0.500000
4777 0.076923
4778 0.133333
4779 0.396100
4780 0.285470
4781 0.334773
4782 0.278205
4783 0.450000
4784 0.161111
4785 0.596857
4786 0.581818
4787 0.316017
4788 0.448684
4789 0.476354
4790 0.500000
4791 0.100000
4792 0.400000
4793 0.500000
4794 0.515152
4795 0.527273
4796 0.186126
4797 0.253333
4798 0.425926
4799 0.174056
4800 0.387859
4801 0.428571
4802 0.379630
4803 0.378788
4804 0.354414
4805 0.500000
4806 1.000000
4807 1.000000
4808 0.833333
4809 0.666667
4810 1.000000
4811 1.000000
4812 0.359524
4813 0.318627
4814 0.286458
4815 0.267598
4816 0.189935
4817 0.000000
4818 0.662075
4819 0.127273
4820 0.988889
4821 0.633333
4822 0.637500
4823 0.575758
4824 0.800000
4825 0.309794
4826 0.469697
4827 0.312500
4828 0.500000
4829 0.727273
4830 0.625000
4831 0.625000
4832 0.277778
4833 0.083333
4834 0.595238
4835 0.125000
4836 0.694444
4837 0.694444
4838 1.000000
4839 0.333333
4840 0.591667
4841 0.666667
4842 0.500000
4843 0.000000
4844 0.666667
4845 0.357143
4846 0.478819
4847 0.236364
4848 0.293269
4849 0.399892
4850 0.280000
4851 0.526719
4852 0.166667
4853 0.862857
4854 0.312500
4855 0.674208
4856 0.225000
4857 0.000000
4858 0.283333
4859 0.107143
4860 0.325000
4861 0.447222
4862 0.293478
4863 0.275000
4864 0.542857
4865 0.200000
4866 0.466667
4867 0.500000
4868 0.166667
4869 0.166667
4870 0.555556
4871 0.000000
4872 0.100000
4873 0.555556
4874 0.625000
4875 0.718750
4876 0.315385
4877 0.615385
4878 0.536784
4879 0.283333
4880 0.417857
4881 0.394286
4882 0.277778
4883 0.285714
4884 0.750000
4885 0.422222
4886 0.450000
4887 0.155280
4888 0.213333
4889 1.000000
4890 0.750000
4891 0.725000
4892 0.750000
4893 0.687500
4894 0.333333
4895 0.300000
4896 0.250000
4897 0.571429
4898 0.625000
4899 0.450000
4900 0.833333
4901 0.611111
4902 1.000000
4903 0.900000
4904 0.600000
4905 0.805556
4906 0.250000
4907 0.176471
4908 0.506265
4909 0.301136
4910 0.465695
4911 0.198593
4912 0.280000
4913 0.000000
4914 0.041667
4915 0.000000
4916 0.265306
4917 0.693794
4918 0.422222
4919 0.476190
4920 0.467532
4921 0.685714
4922 0.625000
4923 0.722222
4924 0.780952
4925 0.226667
4926 0.417460
4927 0.325000
4928 0.385802
4929 0.288690
4930 1.000000
4931 0.500000
4932 0.416667
4933 0.500000
4934 0.523810
4935 0.198653
4936 0.500000
4937 0.333333
4938 0.666667
4939 0.000000
4940 0.333333
4941 0.250000
4942 0.250000
4943 0.333333
4944 0.250000
4945 1.000000
4946 0.800000
4947 0.750000
4948 0.857143
4949 0.333333
4950 0.335116
4951 0.361111
4952 0.250000
4953 0.422365
4954 0.635417
4955 0.750000
4956 0.657025
4957 0.654762
4958 1.000000
4959 0.470238
4960 0.542857
4961 0.966667
4962 0.357143
4963 0.138462
4964 0.333333
4965 0.330567
4966 0.451429
4967 0.305556
4968 0.666667
4969 0.400000
4970 0.416667
4971 0.500000
4972 0.080000
4973 0.000000
4974 0.240000
4975 0.133333
4976 0.478633
4977 0.152941
4978 0.346296
4979 0.216374
4980 0.229167
4981 0.382716
4982 0.333333
4983 0.416667
4984 0.491429
4985 0.357143
4986 0.148718
4987 0.363333
4988 0.426667
4989 0.493056
4990 0.189474
4991 0.400000
4992 0.966667
4993 0.750000
4994 0.440000
4995 0.966667
4996 0.400000
4997 0.750000
4998 0.600000
4999 0.666667
5000 0.916667
5001 0.145780
5002 0.117647
5003 0.137363
5004 0.188329
5005 0.264172
5006 0.516518
5007 0.595407
5008 0.542857
5009 0.500000
5010 0.587302
5011 0.367347
5012 0.377778
5013 0.285714
5014 0.152778
5015 0.428571
5016 0.233987
5017 0.364548
5018 0.138889
5019 0.313131
5020 0.377691
5021 0.571429
5022 0.650794
5023 0.555556
5024 0.277778
5025 0.392857
5026 0.193333
5027 0.400000
5028 0.321429
5029 0.417460
5030 0.247685
5031 0.666667
5032 0.545455
5033 0.833333
5034 0.603175
5035 1.000000
5036 0.333333
5037 0.500000
5038 0.500000
5039 0.500000
5040 0.500000
5041 0.500000
5042 0.333333
5043 0.666667
5044 0.333333
5045 1.000000
5046 1.000000
5047 1.000000
5048 1.000000
5049 1.000000
5050 1.000000
5051 0.500000
5052 0.833333
5053 1.000000
5054 1.000000
5055 1.000000
5056 1.000000
5057 1.000000
5058 1.000000
5059 1.000000
5060 1.000000
5061 0.128571
5062 0.259259
5063 1.000000
5064 1.000000
5065 1.000000
5066 0.292938
5067 0.268170
5068 0.169231
5069 0.241641
5070 0.360677
5071 1.000000
5072 1.000000
5073 1.000000
5074 1.000000
5075 1.000000
5076 0.261905
5077 0.250073
5078 0.108696
5079 0.857143
5080 0.777778
5081 0.337500
5082 0.514286
5083 0.305556
5084 0.714286
5085 0.500000
5086 0.277778
5087 0.277824
5088 0.337398
5089 0.320295
5090 0.375000
5091 0.178571
5092 0.333333
5093 0.400000
5094 0.862857
5095 0.966667
5096 0.850000
5097 0.833333
5098 1.000000
5099 0.800000
5100 0.800000
5101 0.500000
5102 0.500000
5103 0.611111
5104 0.666667
5105 0.500000
5106 0.777778
5107 0.777778
5108 1.000000
5109 0.687500
5110 0.687500
5111 0.579857
5112 1.000000
5113 0.750000
5114 0.471154
5115 0.425325
5116 0.433333
5117 0.750000
5118 0.611111
5119 0.125000
5120 0.257143
5121 0.125000
5122 0.444628
5123 1.000000
5124 0.325000
5125 0.366667
5126 0.430871
5127 0.347368
5128 0.275304
5129 0.250025
5130 0.166071
5131 0.298077
5132 0.439394
5133 0.707071
5134 0.476190
5135 0.445714
5136 0.750000
5137 0.750000
5138 0.793651
5139 0.403061
5140 0.000000
5141 0.111111
5142 0.666667
5143 0.555556
5144 0.500000
5145 0.555556
5146 0.500000
5147 0.500000
5148 0.333333
5149 0.600000
5150 0.500000
5151 0.377778
5152 0.428571
5153 0.093750
5154 0.247407
5155 0.958333
5156 0.711111
5157 1.000000
5158 0.966667
5159 0.500000
5160 0.555556
5161 0.375000
5162 0.428571
5163 0.800000
5164 0.106838
5165 0.196031
5166 0.181333
5167 0.063776
5168 0.086957
5169 0.485974
5170 0.348039
5171 0.509783
5172 0.253623
5173 0.446429
5174 0.555556
5175 0.541667
5176 0.266667
5177 0.333333
5178 0.686869
5179 0.589286
5180 0.800000
5181 0.846154
5182 0.833333
5183 0.192308
5184 0.500000
5185 0.225000
5186 0.550000
5187 0.284722
5188 0.416667
5189 0.166667
5190 0.000000
5191 0.000000
5192 0.266667
5193 0.333333
5194 0.306250
5195 0.562679
5196 0.317857
5197 0.428571
5198 0.250000
5199 0.517094
5200 0.234714
5201 0.613095
5202 0.331319
5203 0.165158
5204 0.714286
5205 0.427083
5206 0.196429
5207 0.444444
5208 0.475000
5209 0.532468
5210 1.000000
5211 0.636364
5212 0.600000
5213 0.859375
5214 0.619048
5215 0.763889
5216 0.434921
5217 0.416667
5218 0.200000
5219 0.142857
5220 0.566667
5221 0.333333
5222 0.223529
5223 0.375000
5224 0.750000
5225 0.148148
5226 0.111111
5227 0.649476
5228 0.608081
5229 0.293622
5230 0.325601
5231 0.162914
5232 1.000000
5233 0.333333
5234 0.464286
5235 0.407407
5236 1.000000
5237 0.453333
5238 0.100000
5239 0.600000
5240 0.181287
5241 0.200307
5242 0.380000
5243 0.375744
5244 0.248557
5245 0.433155
5246 0.464062
5247 0.437143
5248 0.363636
5249 0.733333
5250 0.500000
5251 0.777778
5252 0.522321
5253 0.500000
5254 0.542857
5255 1.000000
5256 0.500000
5257 0.600000
5258 0.750000
5259 0.375000
5260 0.562500
5261 0.489286
5262 0.666667
5263 0.200000
5264 0.102273
5265 0.048611
5266 0.166667
5267 0.500000
5268 0.555556
5269 1.000000
5270 1.000000
5271 1.000000
5272 1.000000
5273 0.750000
5274 0.666667
5275 0.666667
5276 0.500000
5277 0.192308
5278 0.143717
5279 0.446060
5280 0.214286
5281 0.235119
5282 1.000000
5283 1.000000
5284 1.000000
5285 1.000000
5286 1.000000
5287 1.000000
5288 1.000000
5289 1.000000
5290 0.833333
5291 1.000000
5292 0.000000
5293 1.000000
5294 1.000000
5295 1.000000
5296 1.000000
5297 1.000000
5298 1.000000
5299 0.000000
5300 0.232143
5301 0.420455
5302 0.450000
5303 0.714286
5304 0.490287
5305 1.000000
5306 1.000000
5307 1.000000
5308 0.500000
5309 0.250000
5310 0.000000
5311 0.500000
5312 0.500000
5313 1.000000
5314 1.000000
5315 1.000000
5316 1.000000
5317 1.000000
5318 1.000000
5319 0.250000
5320 1.000000
5321 1.000000
5322 1.000000
5323 0.333333
5324 1.000000
5325 0.500000
5326 0.600000
5327 0.666667
5328 0.550000
5329 0.200000
5330 0.275000
5331 0.718750
5332 0.358974
5333 0.421875
5334 0.601852
5335 0.250000
5336 0.500000
5337 1.000000
5338 0.625000
5339 0.275000
5340 0.500000
5341 0.214286
5342 0.392857
5343 0.366667
5344 0.777778
5345 1.000000
5346 0.666667
5347 0.619048
5348 0.600000
5349 0.328171
5350 0.245980
5351 0.250794
5352 0.230069
5353 0.384178
5354 0.445455
5355 0.660714
5356 0.500000
5357 1.000000
5358 1.000000
5359 0.114286
5360 0.393182
5361 0.335165
5362 0.393669
5363 0.286325
5364 0.500000
5365 0.720000
5366 1.000000
5367 0.485714
5368 0.500000
5369 0.333333
5370 0.327778
5371 0.420455
5372 0.766071
5373 0.563447
5374 0.222222
5375 0.407407
5376 0.603704
5377 0.900000
5378 1.000000
5379 0.666667
5380 0.300000
5381 0.369048
5382 0.354978
5383 0.307937
5384 0.189024
5385 0.143939
5386 0.222857
5387 0.304948
5388 0.057018
5389 0.195998
5390 0.373377
5391 0.142857
5392 0.250000
5393 0.514286
5394 0.071429
5395 0.500000
5396 0.432099
5397 0.442308
5398 0.358974
5399 0.304233
5400 0.551948
5401 0.532468
5402 0.638889
5403 0.423611
5404 0.625000
5405 0.170232
5406 0.666667
5407 0.350649
5408 0.604167
5409 0.666667
5410 0.110516
5411 0.036050
5412 0.084454
5413 0.165509
5414 0.111345
5415 0.200000
5416 0.062500
5417 0.000000
5418 0.866667
5419 1.000000
5420 0.625000
5421 0.416667
5422 0.250000
5423 0.500000
5424 0.283333
5425 0.222222
5426 0.277778
5427 0.166667
5428 0.400000
5429 0.197917
5430 0.250000
5431 0.352101
5432 0.486905
5433 0.564103
5434 0.458095
5435 0.615476
5436 0.214286
5437 0.966667
5438 0.833333
5439 0.571429
5440 0.933333
5441 1.000000
5442 1.000000
5443 0.800000
5444 0.933333
5445 0.800000
5446 0.500000
5447 0.566667
5448 0.500000
5449 0.500000
5450 0.666667
5451 1.000000
5452 0.500000
5453 0.500000
5454 0.000000
5455 1.000000
5456 0.833333
5457 0.523810
5458 0.500000
5459 0.666667
5460 0.300000
5461 0.933333
5462 0.200000
5463 0.200000
5464 0.392857
5465 0.375000
5466 0.257143
5467 0.277778
5468 0.500000
5469 0.564286
5470 0.250000
5471 0.333333
5472 1.000000
5473 1.000000
5474 0.569444
5475 0.690476
5476 0.714286
5477 1.000000
5478 1.000000
5479 0.657407
5480 0.507576
5481 0.685046
5482 0.466667
5483 0.542857
5484 1.000000
5485 0.500000
5486 0.555556
5487 0.416667
5488 0.750000
5489 0.005714
5490 0.142361
5491 0.074592
5492 0.083333
5493 0.105769
5494 0.052632
5495 0.076923
5496 0.113636
5497 0.011905
5498 0.439394
5499 0.615385
5500 0.514706
5501 0.333333
5502 0.292857
5503 1.000000
5504 1.000000
5505 1.000000
5506 0.041667
5507 0.040000
5508 0.500000
5509 1.000000
5510 1.000000
5511 1.000000
5512 0.400000
5513 1.000000
5514 0.666667
5515 0.428571
5516 0.583333
5517 0.000000
5518 1.000000
5519 1.000000
5520 0.390625
5521 0.216563
5522 0.364625
5523 0.303503
5524 0.282143
5525 0.222368
5526 0.359664
5527 0.306429
5528 0.364286
5529 0.353846
5530 0.843750
5531 1.000000
5532 0.722222
5533 0.600000
5534 0.666667
5535 0.469136
5536 0.309524
5537 0.732143
5538 0.600000
5539 0.625000
5540 1.000000
5541 1.000000
5542 1.000000
5543 nan
5544 nan
5545 0.175000
5546 0.266667
5547 0.666667
5548 0.375000
5549 0.083333
5550 0.600000
5551 0.666667
5552 0.428571
5553 0.382080
5554 0.590319
5555 0.340476
5556 0.433425
5557 0.420455
5558 0.723333
5559 0.615152
5560 0.454545
5561 0.375000
5562 0.666667
5563 0.656250
5564 0.555556
5565 0.836735
5566 0.799408
5567 0.250000
5568 0.666667
5569 0.812500
5570 0.500000
5571 0.444444
5572 1.000000
5573 0.666667
5574 0.150000
5575 0.433183
5576 0.446429
5577 0.358025
5578 0.463187
5579 1.000000
5580 1.000000
5581 1.000000
5582 0.000000
5583 0.000000
5584 1.000000
5585 0.000000
5586 1.000000
5587 0.555556
5588 0.600000
5589 0.687500
5590 0.300000
5591 0.433333
5592 1.000000
5593 0.225000
5594 0.677083
5595 0.857143
5596 0.533333
5597 0.333333
5598 1.000000
5599 1.000000
5600 1.000000
5601 1.000000
5602 0.500000
5603 1.000000
5604 0.384848
5605 0.276768
5606 0.254464
5607 0.390625
5608 0.176282
5609 0.201970
5610 0.153704
5611 0.182540
5612 0.238558
5613 0.583333
5614 0.454545
5615 0.111111
5616 0.222222
5617 0.400000
5618 0.566667
5619 0.709877
5620 0.736111
5621 0.666667
5622 0.481482
5623 0.687500
5624 0.720000
5625 1.000000
5626 1.000000
5627 0.333333
5628 0.687500
5629 0.401768
5630 0.333333
5631 0.666667
5632 0.635417
5633 0.687500
5634 0.690476
5635 1.000000
5636 0.500000
5637 1.000000
5638 0.653846
5639 0.236765
5640 0.637500
5641 0.274892
5642 0.506173
5643 0.250000
5644 0.294872
5645 0.428571
5646 0.642857
5647 0.500000
5648 0.497143
5649 0.392208
5650 0.475000
5651 0.250000
5652 0.111111
5653 0.222222
5654 0.201190
5655 0.300000
5656 0.363636
5657 0.033333
5658 0.214286
5659 0.158934
5660 0.523810
5661 0.250000
5662 0.355556
5663 0.198413
5664 0.809524
5665 0.333333
5666 0.611336
5667 0.333333
5668 0.687500
5669 0.875000
5670 0.976190
5671 0.687500
5672 0.800000
5673 0.277778
5674 1.000000
5675 0.520000
5676 0.687500
5677 0.000000
5678 0.066667
5679 0.181818
5680 0.388889
5681 0.391053
5682 0.284091
5683 0.196078
5684 0.283333
5685 0.291937
5686 0.146825
5687 1.000000
5688 1.000000
5689 1.000000
5690 1.000000
5691 0.500000
5692 1.000000
5693 1.000000
5694 0.000000
5695 1.000000
5696 1.000000
5697 0.000000
5698 0.500000
5699 1.000000
5700 1.000000
5701 0.500000
5702 0.733333
5703 0.750000
5704 0.750000
5705 0.750000
5706 0.142857
5707 0.281143
5708 0.041758
5709 0.150707
5710 0.400000
5711 0.285714
5712 0.227273
5713 0.250000
5714 0.206061
5715 0.000000
5716 0.222222
5717 0.144444
5718 0.133333
5719 0.500000
5720 0.316667
5721 0.200000
5722 0.418060
5723 0.673469
5724 0.802148
5725 0.336806
5726 0.333333
5727 0.488512
5728 0.500000
5729 0.666667
5730 0.666667
5731 0.600000
5732 0.250000
5733 1.000000
5734 1.000000
5735 0.916667
5736 0.230769
5737 0.208067
5738 0.192674
5739 0.389442
5740 0.231766
5741 0.149747
5742 0.205754
5743 0.134888
5744 0.194130
5745 0.400000
5746 0.441259
5747 0.836735
5748 0.476667
5749 0.527666
5750 0.073333
5751 0.191304
5752 0.542424
5753 0.822222
5754 0.514286
5755 0.230769
5756 0.316234
5757 0.176471
5758 0.246032
5759 0.666667
5760 0.666667
5761 0.500000
5762 0.550000
5763 0.250000
5764 0.666667
5765 0.222222
5766 0.666667
5767 0.625000
5768 0.810909
5769 0.555556
5770 0.822857
5771 0.933333
5772 0.475000
5773 0.062500
5774 0.200000
5775 0.222222
5776 0.571429
5777 0.324369
5778 0.393707
5779 0.390769
5780 0.498291
5781 0.467725
5782 1.000000
5783 1.000000
5784 0.571429
5785 0.322222
5786 0.000000
5787 0.000000
5788 0.500000
5789 0.583333
5790 0.500000
5791 0.395833
5792 0.181818
5793 1.000000
5794 1.000000
5795 1.000000
5796 0.500000
5797 1.000000
5798 0.500000
5799 0.083333
5800 0.000000
5801 0.000000
5802 0.750000
5803 1.000000
5804 0.666667
5805 1.000000
5806 0.750000
5807 0.250000
5808 0.193787
5809 0.155556
5810 0.187500
5811 0.380000
5812 0.040000
5813 0.266667
5814 0.386667
5815 0.250000
5816 0.428571
5817 0.466667
5818 0.625000
5819 0.214286
5820 0.035714
5821 0.142857
5822 0.375000
5823 0.000000
5824 0.666667
5825 0.600000
5826 0.833333
5827 0.458333
5828 0.666667
5829 0.916667
5830 0.162562
5831 0.205357
5832 0.086207
5833 0.111111
5834 0.447090
5835 0.603306
5836 0.391429
5837 0.722222
5838 0.519231
5839 0.413757
5840 0.518519
5841 0.859596
5842 0.037037
5843 0.187500
5844 0.777778
5845 0.333333
5846 0.000000
5847 0.750000
5848 0.500000
5849 0.528846
5850 0.019231
5851 0.000000
5852 0.200000
5853 0.500000
5854 0.250000
5855 0.380000
5856 0.300000
5857 0.500000
5858 0.453333
5859 0.550000
5860 0.677778
5861 0.495455
5862 0.737500
5863 0.500000
5864 0.500000
5865 0.500000
5866 0.250000
5867 0.333333
5868 0.333333
5869 0.500000
5870 0.343750
5871 0.750000
5872 0.540481
5873 0.484848
5874 0.142857
5875 0.400000
5876 0.579004
5877 0.533333
5878 0.217033
5879 0.396923
5880 0.125000
5881 0.428205
5882 0.333333
5883 1.000000
5884 0.373737
5885 0.805556
5886 0.595238
5887 0.314286
5888 0.732143
5889 0.833333
5890 0.648629
5891 0.433333
5892 0.395455
5893 0.661087
5894 0.214286
5895 0.185185
5896 0.285714
5897 0.376623
5898 0.600000
5899 0.365719
5900 0.401333
5901 0.408367
5902 0.612570
5903 0.324481
5904 0.458333
5905 0.687500
5906 0.222222
5907 0.405442
5908 0.333333
5909 0.375000
5910 0.750000
5911 0.285714
5912 0.066667
5913 0.566667
5914 0.312500
5915 0.250000
5916 0.324675
5917 0.522500
5918 0.428571
5919 0.452778
5920 0.175325
5921 0.161111
5922 0.242857
5923 0.281250
5924 0.378788
5925 0.555556
5926 0.450000
5927 0.518519
5928 0.333333
5929 0.555556
5930 0.166667
5931 0.301170
5932 0.282143
5933 0.195652
5934 0.225649
5935 0.211538
5936 0.302857
5937 0.292545
5938 0.102216
5939 0.431038
5940 0.442542
5941 0.478788
5942 0.122222
5943 0.321970
5944 0.666667
5945 0.555556
5946 0.201961
5947 0.165278
5948 0.348846
5949 0.241176
5950 0.000000
5951 0.000000
5952 0.333333
5953 0.500000
5954 0.750000
5955 0.600000
5956 0.041667
5957 0.500000
5958 0.650794
5959 0.666667
5960 0.444444
5961 0.380000
5962 0.166667
5963 0.380000
5964 0.125000
5965 0.071429
5966 0.000000
5967 0.500000
5968 0.365018
5969 0.290248
5970 0.591856
5971 0.403704
5972 0.446667
5973 0.625000
5974 0.453061
5975 0.452381
5976 0.619048
5977 0.200000
5978 0.750000
5979 0.728395
5980 0.537037
5981 0.632653
5982 0.625000
5983 0.214286
5984 0.000000
5985 0.966667
5986 0.775510
5987 0.440476
5988 0.333333
5989 0.000000
5990 0.666667
5991 0.500000
5992 0.555556
5993 0.666667
5994 1.000000
5995 0.666667
5996 0.541667
5997 0.437500
5998 0.666667
5999 0.500000
6000 0.250000
6001 0.166667
6002 0.166667
6003 0.000000
6004 0.697917
6005 0.659259
6006 0.690476
6007 0.428571
6008 0.687500
6009 0.520000
6010 0.555556
6011 0.625000
6012 0.666667
6013 0.571429
6014 1.000000
6015 0.666667
6016 0.750000
6017 0.154762
6018 0.474359
6019 0.416667
6020 0.500000
6021 0.500000
6022 0.726496
6023 0.179870
6024 0.502914
6025 0.458390
6026 0.546801
6027 0.428571
6028 0.395238
6029 0.739057
6030 0.587302
6031 0.750000
6032 0.666667
6033 1.000000
6034 1.000000
6035 1.000000
6036 1.000000
6037 1.000000
6038 0.857143
6039 0.285714
6040 1.000000
6041 1.000000
6042 1.000000
6043 1.000000
6044 1.000000
6045 0.306250
6046 0.178274
6047 0.385965
6048 0.250000
6049 0.412656
6050 0.200053
6051 0.191634
6052 0.230343
6053 0.277738
6054 0.444697
6055 0.482426
6056 0.532576
6057 0.714286
6058 0.554383
6059 0.055556
6060 0.564286
6061 0.343750
6062 0.500000
6063 0.334416
6064 0.571429
6065 0.111111
6066 0.327273
6067 0.459821
6068 0.327778
6069 0.222222
6070 1.000000
6071 0.333333
6072 0.083333
6073 0.190476
6074 0.500000
6075 0.666667
6076 0.555556
6077 1.000000
6078 1.000000
6079 0.754545
6080 0.612121
6081 0.612987
6082 0.484524
6083 0.500000
6084 0.250000
6085 0.555556
6086 0.416667
6087 0.462302
6088 0.290196
6089 0.465556
6090 0.453922
6091 0.400353
6092 0.356053
6093 1.000000
6094 1.000000
6095 1.000000
6096 0.750000
6097 0.458333
6098 0.800000
6099 0.800000
6100 0.642857
6101 0.750000
6102 0.431548
6103 0.093750
6104 0.238095
6105 0.666667
6106 0.633333
6107 1.000000
6108 0.857143
6109 1.000000
6110 0.600000
6111 0.800000
6112 1.000000
6113 0.600000
6114 0.833333
6115 0.687500
6116 0.500000
6117 0.266667
6118 0.500000
6119 0.500000
6120 0.142857
6121 0.071429
6122 0.027778
6123 0.687500
6124 0.482143
6125 0.650000
6126 0.142857
6127 0.500000
6128 1.000000
6129 0.111111
6130 0.666667
6131 0.700000
6132 1.000000
6133 0.305556
6134 0.800000
6135 0.833333
6136 0.833333
6137 0.100000
6138 0.266667
6139 0.000000
6140 0.462500
6141 0.307143
6142 0.379630
6143 0.283903
6144 0.400000
6145 0.160714
6146 0.300000
6147 0.100000
6148 0.142857
6149 0.040000
6150 1.000000
6151 0.566667
6152 0.000000
6153 0.833333
6154 0.700000
6155 0.125000
6156 1.000000
6157 0.416667
6158 0.500000
6159 1.000000
6160 0.416667
6161 0.300000
6162 0.422222
6163 0.600000
6164 0.498327
6165 0.267677
6166 0.594406
6167 0.592063
6168 0.471429
6169 0.541667
6170 0.380000
6171 0.357143
6172 0.750000
6173 0.571429
6174 0.125000
6175 0.431429
6176 0.095238
6177 0.341667
6178 0.276190
6179 0.583333
6180 1.000000
6181 0.600000
6182 0.833333
6183 1.000000
6184 0.071429
6185 0.127345
6186 0.067669
6187 0.085938
6188 0.104167
6189 0.500000
6190 0.666667
6191 0.666667
6192 0.666667
6193 0.666667
6194 0.400000
6195 0.500000
6196 0.333333
6197 0.127273
6198 0.263889
6199 0.027778
6200 0.642857
6201 0.658333
6202 0.326203
6203 0.286062
6204 0.371313
6205 0.251429
6206 0.527635
6207 0.666667
6208 0.514286
6209 0.571429
6210 0.416667
6211 0.250000
6212 0.500000
6213 0.666667
6214 0.355372
6215 0.222222
6216 0.000000
6217 0.296875
6218 0.230769
6219 0.821429
6220 0.818021
6221 0.760000
6222 0.777778
6223 0.616162
6224 1.000000
6225 0.500000
6226 0.416667
6227 0.750000
6228 0.314349
6229 0.472222
6230 0.609848
6231 0.574074
6232 0.284722
6233 1.000000
6234 0.673469
6235 0.595238
6236 0.533333
6237 0.533333
6238 0.416667
6239 1.000000
6240 1.000000
6241 0.550000
6242 0.600000
6243 0.833333
6244 0.250000
6245 0.666667
6246 0.666667
6247 0.555556
6248 0.666667
6249 0.500000
6250 0.333333
6251 0.500000
6252 0.500000
6253 0.333333
6254 0.520000
6255 0.555556
6256 0.750000
6257 0.333333
6258 0.409091
6259 0.357143
6260 0.410256
6261 0.333333
6262 0.291913
6263 0.650000
6264 1.000000
6265 1.000000
6266 1.000000
6267 0.190476
6268 0.357143
6269 0.444444
6270 0.266667
6271 0.400000
6272 0.555556
6273 0.250000
6274 0.333333
6275 0.666667
6276 0.238095
6277 0.500000
6278 1.000000
6279 1.000000
6280 0.333333
6281 0.333333
6282 0.400000
6283 0.392208
6284 0.475000
6285 0.477273
6286 0.395833
6287 0.316327
6288 0.625000
6289 0.229167
6290 0.700000
6291 0.183333
6292 0.777273
6293 0.083333
6294 0.151515
6295 0.777778
6296 0.100000
6297 0.555556
6298 0.000000
6299 0.042857
6300 0.000000
6301 0.000000
6302 0.011364
6303 0.011006
6304 0.023810
6305 0.025000
6306 0.010732
6307 0.086538
6308 0.222222
6309 0.222222
6310 0.422222
6311 0.300000
6312 0.260000
6313 0.166667
6314 0.266667
6315 0.000000
6316 0.166667
6317 0.416667
6318 0.309524
6319 0.325758
6320 0.562500
6321 0.333333
6322 1.000000
6323 0.633333
6324 0.233333
6325 0.690476
6326 0.333333
6327 0.666667
6328 0.750000
6329 0.593750
6330 0.600000
6331 0.692593
6332 0.125000
6333 0.083333
6334 0.777778
6335 0.760000
6336 0.500000
6337 0.458333
6338 0.185185
6339 0.666667
6340 0.250000
6341 0.500000
6342 0.181818
6343 0.333333
6344 0.333333
6345 0.444444
6346 0.666667
6347 0.625000
6348 0.800000
6349 0.333333
6350 0.836735
6351 0.411429
6352 0.448485
6353 0.833333
6354 0.300000
6355 0.500000
6356 0.750000
6357 0.074294
6358 0.089744
6359 0.077042
6360 0.457906
6361 0.447619
6362 0.492064
6363 0.440000
6364 0.378401
6365 1.000000
6366 0.500000
6367 0.166667
6368 0.500000
6369 0.407407
6370 0.166667
6371 0.007576
6372 0.767500
6373 0.464286
6374 0.666667
6375 0.666667
6376 1.000000
6377 0.416667
6378 0.750000
6379 0.611111
6380 0.487446
6381 0.584416
6382 0.745661
6383 0.565657
6384 0.125000
6385 0.859375
6386 1.000000
6387 0.866667
6388 0.843750
6389 0.714286
6390 0.900000
6391 0.571429
6392 0.720000
6393 0.625000
6394 0.857143
6395 0.320000
6396 0.555556
6397 0.250000
6398 0.100000
6399 0.680556
6400 0.666667
6401 0.666667
6402 0.750000
